0.292541
0.354516
0.333507
0.2542
0.139179
0.0115544
-0.10609
-0.192222
-0.244741
-0.268899
-0.26995
-0.254194
-0.226884
-0.193272
-0.15966
-0.131299
-0.113443
-0.10609
-0.10504
-0.110292
-0.117644
-0.124997
-0.131299
-0.135501
-0.137602
-0.137602
-0.137602
-0.135501
-0.13235
-0.129199
-0.127098
-0.124997
-0.123947
-0.122896
-0.122896
-0.123947
-0.126047
-0.129199
-0.1334
-0.137602
-0.137602
-0.136551
-0.129199
-0.114493
-0.0798302
-0.0031512
0.128675
0.289389
0.4354
0.528365
0.56303
0.550424
0.501053
0.42437
0.331407
0.232666
0.133927
0.0409657
-0.042016
-0.111342
-0.15966
-0.183819
-0.178567
-0.139702
-0.0619735
0.0430665
0.161763
0.278885
0.380252
0.450106
0.474792
0.457459
0.407038
0.331407
0.238969
0.139704
0.0420161
-0.0462175
-0.116594
-0.15966
-0.178567
-0.178567
-0.168063
-0.149156
-0.129199
-0.115543
-0.10714
-0.10504
-0.10714
-0.113443
-0.123947
-0.137602
-0.143904
-0.13235
-0.0934853
-0.0388648
0.0115544
0.0372893
0.0372893
0.0162812
-0.0199576
-0.0661751
-0.116594
-0.165962
-0.212179
-0.249993
-0.277302
-0.289907
-0.286756
-0.263647
-0.21638
-0.143904
-0.0441168
0.0740535
0.196952
0.310923
0.400735
0.453783
0.457459
0.417017
0.342961
0.247897
0.144431
0.0430665
-0.0441168
-0.10504
-0.128148
-0.102939
-0.0388648
0.049369
0.146007
0.235818
0.303045
0.333507
0.328255
0.294116
0.238444
0.168065
0.0903349
0.0120796
-0.0598727
-0.117644
-0.155458
-0.174365
-0.178567
-0.169113
-0.152307
-0.131299
-0.109241
-0.0892837
-0.076679
-0.0745782
-0.0871829
-0.118695
-0.165962
-0.195373
-0.150206
0.00997881
0.234767
0.431723
0.519436
0.495275
0.390231
0.235292
0.0619738
-0.0987372
-0.219532
-0.295159
-0.332972
-0.339274
-0.320368
-0.284655
-0.237388
-0.185919
-0.136551
-0.0945357
-0.0609231
-0.0357136
-0.0147056
0.0021008
0.0162812
0.0309869
0.0435917
0.0551462
0.0630242
0.0677511
0.0672259
0.059873
0.0462177
0.0252097
-0.005252
-0.0409656
-0.076679
-0.10609
-0.124997
-0.128148
-0.111342
-0.0756286
-0.02626
0.0330877
0.0961121
0.160187
0.220061
0.269956
0.306721
0.325629
0.330356
0.325104
0.316175
0.309873
0.310923
0.324054
0.346638
0.3771
0.407563
0.4354
0.456409
0.464287
0.463762
0.45956
0.454833
0.453783
0.457459
0.465863
0.477943
0.487922
0.491599
0.485296
0.464287
0.425946
0.370273
0.30252
0.225839
0.147582
0.0682763
-0.005252
-0.0693263
-0.118695
-0.152307
-0.168063
-0.171214
-0.163861
-0.150206
-0.131299
-0.111342
-0.0924349
-0.0756286
-0.0640743
-0.0567215
-0.0567215
-0.0672255
-0.0871829
-0.119745
-0.162811
-0.198524
-0.201675
-0.146005
-0.0073528
0.244221
0.623956
1.08407
1.54893
1.94342
2.18873
2.21027
1.92976
1.27158
0.160187
-1.45366
-3.39227
-5.38302
-7.15298
-8.42725
-8.93105
-8.4451
-7.13304
-5.32633
-3.36076
-1.57129
-0.293058
0.203255
0.125524
-0.100838
-0.0997876
0.127099
0.41124
0.596644
0.659147
0.630784
0.544647
0.433299
0.329831
0.261553
0.232666
0.233717
0.253675
0.284662
0.31565
0.33876
0.343487
0.320902
0.262603
0.17857
0.0814064
-0.010504
-0.0850822
-0.123947
-0.116594
-0.0672255
0.0147056
0.113969
0.219011
0.318801
0.401261
0.453258
0.462712
0.420169
0.334558
0.221637
0.0982129
-0.0189072
-0.112392
-0.168063
-0.189071
-0.184869
-0.167012
-0.144954
-0.128148
-0.126047
-0.131299
-0.129199
-0.10714
-0.0630239
0.0031512
0.0892845
0.186448
0.283612
0.368697
0.430673
0.457985
0.441177
0.385504
0.300944
0.201679
0.0982129
0.000525201
-0.0777294
-0.124997
-0.131299
-0.0871829
0.000525201
0.114494
0.237393
0.35294
0.444329
0.497376
0.512608
0.4937
0.44853
0.383403
0.303045
0.214284
0.123423
0.0351885
-0.042016
-0.10609
-0.151257
-0.174365
-0.171214
-0.137602
-0.0724774
0.0178568
0.114494
0.206406
0.276259
0.310923
0.296742
0.24107
0.157561
0.0614486
-0.0346632
-0.113443
-0.164912
-0.189071
-0.190121
-0.177516
-0.155458
-0.131299
-0.110292
-0.0955861
-0.0850822
-0.0798302
-0.0798302
-0.0840318
-0.0924349
-0.10609
-0.122896
-0.143904
-0.163861
-0.178567
-0.182768
-0.171214
-0.136551
-0.076679
0.0036764
0.0982129
0.195902
0.29044
0.373424
0.4354
0.467964
0.464287
0.417017
0.331932
0.223738
0.105566
-0.010504
-0.110292
-0.181718
-0.226884
-0.247892
-0.249993
-0.237388
-0.21428
-0.185919
-0.156509
-0.131299
-0.113443
-0.102939
-0.0997876
-0.102939
-0.110292
-0.123947
-0.139702
-0.155458
-0.168063
-0.171214
-0.161761
-0.134451
-0.0882333
-0.0336128
0.0126048
0.0351885
0.0362389
0.0236341
0.0036764
-0.0178568
-0.042016
-0.0672255
-0.0945357
-0.121846
-0.148106
-0.173315
-0.194322
-0.209028
-0.217431
-0.21638
-0.202726
-0.177516
-0.136551
-0.0798302
-0.010504
0.0682763
0.149158
0.227939
0.299368
0.358718
0.404412
0.435925
0.453258
0.456934
0.445904
0.420694
0.380252
0.324579
0.254725
0.174368
0.0908601
0.00997881
-0.0609231
-0.117644
-0.153357
-0.169113
-0.169113
-0.15966
-0.144954
-0.129199
-0.116594
-0.113443
-0.122896
-0.149156
-0.183819
-0.213229
-0.224783
-0.207977
-0.146005
-0.031512
0.117646
0.272582
0.402836
0.480044
0.472691
0.360819
0.190649
0.0404405
-0.0231088
-0.015756
0.0147056
0.0236341
0.00525201
-0.031512
-0.0724774
-0.10714
-0.126047
-0.117644
-0.0829814
-0.0283608
0.0435917
0.125524
0.212183
0.297268
0.377626
0.446955
0.500002
0.534667
0.550424
0.545172
0.519436
0.47164
0.399685
0.310923
0.209032
0.101364
-0.0073528
-0.109241
-0.197474
-0.26995
-0.318267
-0.341375
-0.331922
-0.286756
-0.202726
-0.0861325
0.0488438
0.189599
0.324054
0.438551
0.519436
0.543071
0.48267
0.319327
0.100839
-0.0966365
-0.204826
-0.221632
-0.179617
-0.10609
-0.031512
0.015756
0.00945361
-0.0409656
-0.10714
-0.163861
-0.184869
-0.144954
-0.0231088
0.14233
0.289915
0.36502
0.368172
0.324579
0.258927
0.182246
0.100839
0.0194324
-0.0546207
-0.116594
-0.161761
-0.189071
-0.202726
-0.203776
-0.196423
-0.182768
-0.164912
-0.146005
-0.129199
-0.116594
-0.10609
-0.0913845
-0.0703766
-0.0388648
0.00840321
0.0730031
0.151259
0.236868
0.320902
0.396534
0.457459
0.49475
0.501578
0.469539
0.395483
0.29149
0.17962
0.0808812
0.0178568
0.0115544
0.0793056
0.200103
0.337709
0.454308
0.513658
0.479519
0.324579
0.102415
-0.0976869
-0.197474
-0.199574
-0.142854
-0.0609231
0.0288861
0.118696
0.200628
0.265755
0.307247
0.318276
0.300419
0.259977
0.203255
0.136028
0.0640747
-0.0073528
-0.0693263
-0.118695
-0.149156
-0.162811
-0.162811
-0.154408
-0.141803
-0.129199
-0.119745
-0.115543
-0.114493
-0.116594
-0.120795
-0.126047
-0.131299
-0.136551
-0.139702
-0.139702
-0.136551
-0.129199
-0.116594
-0.102939
-0.0913845
-0.0871829
-0.0945357
-0.119745
-0.15966
-0.184869
-0.146005
-0.005252
0.204305
0.420169
0.585089
0.682782
0.719023
0.695388
0.618179
0.490548
0.318801
0.128675
-0.0483183
-0.176466
-0.223733
-0.156509
0.0435917
0.29044
0.449056
0.405462
0.196952
-0.0735278
-0.309864
-0.486325
-0.609216
-0.68484
-0.718451
-0.71635
-0.686941
-0.633373
-0.563
-0.482123
-0.397044
-0.313015
-0.236338
-0.174365
-0.13235
-0.115543
-0.117644
-0.130249
-0.143904
-0.148106
-0.13235
-0.0913845
-0.0252096
0.0567218
0.148108
0.240019
0.324579
0.394958
0.442228
0.45956
0.439602
0.387605
0.313024
0.223213
0.128675
0.0367641
-0.0430664
-0.108191
-0.158609
-0.193272
-0.21428
-0.218481
-0.207977
-0.180667
-0.137602
-0.0798302
-0.0189072
0.0273105
0.0409657
0.00577721
-0.0966365
-0.276252
-0.499979
-0.7153
-0.867597
-0.901207
-0.764665
-0.421203
0.0241593
0.404412
0.575635
0.565656
0.476367
0.404937
0.372899
0.371323
0.390231
0.420694
0.453258
0.477943
0.4937
0.501578
0.503679
0.500528
0.4937
0.483195
0.472166
0.460611
0.450106
0.442228
0.436976
0.436976
0.442228
0.454833
0.475317
0.500002
0.525738
0.548323
0.563555
0.568282
0.556727
0.526264
0.472166
0.392332
0.295692
0.194851
0.106091
0.0425413
0.018382
0.0441169
0.108717
0.191175
0.267856
0.318276
0.319327
0.255776
0.149158
0.0383397
-0.0409656
-0.0892837
-0.120795
-0.149156
-0.174365
-0.192222
-0.195373
-0.178567
-0.137602
-0.0693263
0.0246845
0.132877
0.247897
0.360819
0.461136
0.541495
0.593493
0.607674
0.575635
0.504729
0.405462
0.287814
0.163339
0.0420161
-0.0640743
-0.153357
-0.221632
-0.271
-0.296209
-0.29831
-0.274151
-0.223733
-0.146005
-0.0388648
0.0845576
0.212183
0.325629
0.411765
0.456409
0.444854
0.384454
0.29044
0.178044
0.0614486
-0.0441168
-0.121846
-0.158609
-0.139702
-0.0514695
0.0845576
0.237393
0.373949
0.461661
0.469539
0.371323
0.197477
0.002626
-0.15966
-0.233187
-0.161761
0.0861332
0.398109
0.595594
0.525738
0.251574
-0.0703766
-0.297259
-0.404397
-0.417001
-0.360282
-0.262597
-0.149156
-0.0430664
0.049369
0.128675
0.198002
0.258402
0.311974
0.360819
0.405462
0.450106
0.4937
0.535192
0.570908
0.597169
0.611351
0.608199
0.585089
0.544121
0.487922
0.421219
0.345587
0.26628
0.184872
0.106091
0.0330877
-0.031512
-0.0840318
-0.122896
-0.146005
-0.150206
-0.13235
-0.0934853
-0.0346632
0.0399153
0.122898
0.210082
0.296217
0.37605
0.442753
0.492124
0.517335
0.512608
0.47164
0.391281
0.280461
0.157036
0.0372893
-0.0609231
-0.120795
-0.129199
-0.0882333
-0.0136552
0.0840324
0.191175
0.295692
0.383403
0.442753
0.460611
0.426996
0.348739
0.240544
0.118171
-0.0031512
-0.109241
-0.185919
-0.233187
-0.254194
-0.255244
-0.24159
-0.217431
-0.18697
-0.156509
-0.131299
-0.113443
-0.10609
-0.103989
-0.108191
-0.115543
-0.124997
-0.134451
-0.142854
-0.150206
-0.155458
-0.158609
-0.157559
-0.153357
-0.143904
-0.130249
-0.110292
-0.0871829
-0.0609231
-0.0346632
-0.0073528
0.0152308
0.0341381
0.0462177
0.0525202
0.051995
0.0425413
0.0241593
-0.0021008
-0.015756
0.00840321
0.0898097
0.203255
0.299368
0.335083
0.312499
0.249998
0.168065
0.0871836
0.0273105
0.00525201
0.0204828
0.0651251
0.129725
0.206406
0.285188
0.358718
0.418068
0.454308
0.460611
0.441703
0.407038
0.367121
0.332982
0.313024
0.317751
0.343487
0.382878
0.426996
0.47059
0.504204
0.520486
0.512608
0.47164
0.392332
0.284662
0.163339
0.0451673
-0.0546207
-0.119745
-0.136551
-0.10609
-0.0430664
0.0451673
0.144956
0.246847
0.339285
0.411765
0.454308
0.456934
0.421219
0.355041
0.265229
0.158612
0.0430665
-0.0735278
-0.177516
-0.254194
-0.286756
-0.259446
-0.156509
0.0288861
0.249998
0.433299
0.515234
0.510507
0.467439
0.430148
0.410715
0.407038
0.413866
0.430673
0.453783
0.479519
0.506305
0.530465
0.549374
0.560403
0.560403
0.547798
0.51891
0.47059
0.401786
0.318276
0.229515
0.144956
0.0735283
0.0252097
0.00840321
0.0215332
0.0582974
0.112393
0.179095
0.252624
0.325629
0.392857
0.449056
0.488973
0.511032
0.51891
0.512608
0.494225
0.464812
0.428572
0.383928
0.334558
0.282036
0.228465
0.173843
0.120797
0.0714275
0.0273105
-0.010504
-0.0378144
-0.0525199
-0.0525199
-0.0325624
0.00840321
0.0730031
0.154935
0.244221
0.330356
0.402836
0.452207
0.470065
0.466913
0.45956
0.461661
0.469014
0.462712
0.429097
0.368172
0.289389
0.201154
0.113444
0.0336129
-0.0304616
-0.0777294
-0.110292
-0.130249
-0.140753
-0.143904
-0.140753
-0.134451
-0.128148
-0.121846
-0.115543
-0.102939
-0.081931
-0.0462175
0.00682761
0.0798308
0.170692
0.274158
0.380777
0.487397
0.58614
0.668076
0.698539
0.632885
0.43645
0.165965
-0.0871829
-0.238438
-0.283605
-0.251043
-0.172264
-0.076679
0.00682761
0.0504194
0.0551462
0.0299365
-0.0147056
-0.0661751
-0.114493
-0.150206
-0.161761
-0.137602
-0.0693263
0.0330877
0.152309
0.272582
0.3771
0.449056
0.473741
0.453258
0.396534
0.315125
0.219011
0.117646
0.0204828
-0.0609231
-0.118695
-0.143904
-0.137602
-0.110292
-0.0703766
-0.02626
0.0126048
0.0404405
0.0551462
0.0582974
0.0525202
0.0404405
0.0236341
0.0036764
-0.0189072
-0.042016
-0.0672255
-0.0945357
-0.121846
-0.149156
-0.173315
-0.189071
-0.192222
-0.176466
-0.137602
-0.0724774
0.0152308
0.11502
0.219011
0.316175
0.399685
0.45851
0.484771
0.467439
0.401786
0.297793
0.174368
0.0514698
-0.0535703
-0.119745
-0.13235
-0.0945357
-0.0199576
0.0793056
0.187498
0.293591
0.383403
0.443278
0.461136
0.425946
0.344012
0.233717
0.110293
-0.010504
-0.111342
-0.177516
-0.210078
-0.21428
-0.196423
-0.161761
-0.118695
-0.0703766
-0.0241592
0.01313
0.0372893
0.0488438
0.0498942
0.0435917
0.0336129
0.0220584
0.0115544
0.0031512
-0.0021008
-0.0063024
-0.0073528
-0.005252
-0.0010504
0.00682761
0.0173316
0.0299365
0.0430665
0.0525202
0.0556714
0.0483186
0.0257349
-0.0126048
-0.0567215
-0.0934853
-0.10714
-0.081931
-0.0042016
0.135503
0.300944
0.439076
0.501578
0.497901
0.464812
0.435925
0.419643
0.414391
0.419643
0.432774
0.453258
0.479519
0.508931
0.536768
0.559353
0.573009
0.575635
0.562504
0.52889
0.472691
0.391281
0.289915
0.17857
0.0677511
-0.0336128
-0.114493
-0.165962
-0.190121
-0.192222
-0.175416
-0.144954
-0.10609
-0.0630239
-0.0220584
0.01313
0.0383397
0.0525202
0.0567218
0.0525202
0.0404405
0.0236341
0.0010504
-0.0231088
-0.0504191
-0.0756286
-0.0987372
-0.117644
-0.129199
-0.134451
-0.129199
-0.113443
-0.0882333
-0.0577719
-0.0283608
-0.0010504
0.0173316
0.0241593
0.018382
0.0010504
-0.0273104
-0.0661751
-0.115543
-0.170164
-0.196423
-0.149156
0.00892841
0.229515
0.429097
0.530991
0.530991
0.455358
0.331407
0.185923
0.0451673
-0.0661751
-0.143904
-0.190121
-0.207977
-0.201675
-0.174365
-0.128148
-0.0672255
0.0036764
0.0835072
0.16754
0.249998
0.328255
0.396008
0.450106
0.485821
0.504729
0.510507
0.506305
0.495275
0.482145
0.469014
0.45956
0.457459
0.466388
0.484246
0.508931
0.537819
0.568807
0.59927
0.626582
0.647066
0.661773
0.6665
0.659147
0.638663
0.602422
0.548323
0.475317
0.381302
0.276259
0.173843
0.0871836
0.0299365
0.015756
0.0556714
0.137078
0.238969
0.34086
0.421219
0.457985
0.433299
0.356092
0.243171
0.114494
-0.0094536
-0.111342
-0.172264
-0.193272
-0.180667
-0.139702
-0.0756286
0.002626
0.0892845
0.17962
0.267856
0.349789
0.419118
0.47059
0.500002
0.501053
0.469539
0.401261
0.30357
0.190649
0.0740535
-0.031512
-0.114493
-0.162811
-0.178567
-0.168063
-0.139702
-0.100838
-0.0567215
-0.0178568
0.00997881
0.0204828
0.00630241
-0.02626
-0.0672255
-0.10609
-0.129199
-0.130249
-0.0976869
-0.0357136
0.0462177
0.140229
0.235818
0.325104
0.398634
0.446955
0.460611
0.433299
0.370798
0.286763
0.193801
0.10399
0.0309869
-0.0147056
-0.0336128
-0.0325624
-0.0199576
-0.0010504
0.0162812
0.0267853
0.0278357
0.0220584
0.00892841
0.0010504
0.01313
0.0582974
0.130776
0.219011
0.309873
0.391281
0.450106
0.475842
0.469539
0.43645
0.383403
0.316175
0.241595
-0.273101
0.0919105
0.0304617
-0.015756
-0.0441168
-0.0556711
-0.0493687
-0.0283608
0.00997881
0.0630242
0.1292
0.203255
0.283087
0.36397
0.442753
0.512608
0.54097
0.484771
0.311974
0.0814064
-0.103989
-0.158609
-0.0840318
0.0735283
0.268381
0.454833
0.588241
0.628683
0.582988
0.475317
0.331407
0.179095
0.0420161
-0.0556711
-0.110292
-0.126047
-0.110292
-0.0640743
0.0031512
0.0898097
0.189074
0.294116
0.399685
0.500528
0.589816
0.658096
0.682257
0.627633
0.47164
0.256301
0.0525202
-0.0756286
-0.123947
-0.116594
-0.0756286
-0.0231088
0.0152308
0.0220584
-0.0031512
-0.0483183
-0.103989
-0.157559
-0.199574
-0.218481
-0.204826
-0.144954
-0.0346632
0.114494
0.277835
0.429623
0.546222
0.602947
0.579837
0.486347
0.348214
0.187498
0.0278357
-0.10504
-0.192222
-0.227935
-0.221632
-0.177516
-0.102939
-0.0021008
0.115545
0.24212
0.366596
0.474792
0.557252
0.601896
0.597695
0.552525
0.475317
0.379201
0.275209
0.175418
0.0919105
0.0346633
0.0178568
0.0483186
0.117646
0.210082
0.308297
0.394433
0.451682
0.465863
0.438026
0.379201
0.296742
0.201154
0.102415
0.00945361
-0.0672255
-0.119745
-0.139702
-0.129199
-0.100838
-0.0609231
-0.0189072
0.0147056
0.0320373
0.0341381
0.0225836
0.002626
-0.0241592
-0.0535703
-0.0829814
-0.10714
-0.124997
-0.131299
-0.126047
-0.110292
-0.0829814
-0.0430664
0.00840321
0.0709023
0.142855
0.220061
0.298843
0.375
0.445379
0.506305
0.556202
0.597169
0.627633
0.638663
0.615027
0.545172
0.439602
0.317226
0.194851
0.0919105
0.0267853
0.0147056
0.0525202
0.127099
0.225313
0.333507
0.438551
0.528365
0.588241
0.607674
0.573009
0.494225
0.384454
0.262078
0.14128
0.0372893
-0.0357136
-0.076679
-0.0913845
-0.0882333
-0.0703766
-0.0451672
-0.0178568
0.00577721
0.0189072
0.0162812
0.0036764
-0.010504
-0.0199576
-0.015756
0.0115544
0.0661755
0.146007
0.24107
0.342436
0.439076
0.524688
0.588241
0.620279
0.612401
0.556727
0.463237
0.347163
0.225839
0.11502
0.0309869
-0.0115544
-0.0189072
-0.005252
0.015756
0.0304617
0.0246845
-0.0126048
-0.0682759
-0.119745
-0.144954
-0.146005
-0.131299
-0.109241
-0.0829814
-0.0556711
-0.0283608
-0.0042016
0.015756
0.0304617
0.0393901
0.0430665
0.0430665
0.0404405
0.0362389
0.0304617
0.0252097
0.0204828
0.0178568
0.015756
0.0162812
0.0173316
0.018382
0.0189072
0.0194324
0.0194324
0.0189072
0.018382
0.0178568
0.0173316
0.0173316
0.0178568
0.0189072
0.0215332
0.0241593
0.0267853
0.0273105
0.0252097
0.021008
0.0120796
-0.0010504
-0.015756
-0.0325624
-0.0514695
-0.0703766
-0.0903341
-0.108191
-0.123947
-0.137602
-0.147055
-0.152307
-0.151257
-0.144954
-0.131299
-0.109241
-0.0808806
-0.0504191
-0.0220584
0.0021008
0.0178568
0.0225836
0.021008
0.0189072
0.0236341
0.0273105
0.0220584
-0.0010504
-0.036764
-0.076679
-0.112392
-0.134451
-0.131299
-0.0966365
-0.0346632
0.0472681
0.140229
0.234767
0.322478
0.395483
0.444329
0.460085
0.43645
0.378151
0.297793
0.205881
0.113969
0.0336129
-0.0252096
-0.0609231
-0.0787798
-0.0808806
-0.0724774
-0.0535703
-0.031512
-0.0073528
0.015756
0.0320373
0.0425413
0.0467429
0.0451673
0.0367641
0.0225836
0.0031512
-0.0199576
-0.0462175
-0.0724774
-0.0966365
-0.115543
-0.129199
-0.134451
-0.129199
-0.113443
-0.0903341
-0.0703766
-0.0619735
-0.0735278
-0.114493
-0.189071
-0.278353
-0.352929
-0.380239
-0.330871
-0.174365
0.10399
0.409139
0.595594
0.53992
0.309873
0.0582974
-0.0798302
-0.0871829
-0.0031512
0.136553
0.295692
0.4354
0.523638
0.556727
0.543596
0.494225
0.417542
0.324054
0.222162
0.122898
0.0346633
-0.0325624
-0.0808806
-0.111342
-0.127098
-0.131299
-0.128148
-0.119745
-0.108191
-0.0955861
-0.0840318
-0.076679
-0.0745782
-0.0798302
-0.0934853
-0.119745
-0.158609
-0.200625
-0.233187
-0.244741
-0.220582
-0.148106
-0.0189072
0.146007
0.311974
0.446955
0.513658
0.480044
0.323528
0.0992634
-0.0976869
-0.18697
-0.180667
-0.135501
-0.102939
-0.0913845
-0.0966365
-0.109241
-0.121846
-0.127098
-0.118695
-0.0966365
-0.0619735
-0.0168064
0.0367641
0.0966373
0.161238
0.228465
0.296217
0.361869
0.42437
0.482145
0.531516
0.571433
0.600321
0.616078
0.619229
0.612401
0.597169
0.575635
0.549374
0.520486
0.491599
0.463762
0.439602
0.42437
0.425421
0.44748
0.497901
0.583513
0.705892
0.835101
0.927018
0.938574
0.824071
0.53992
0.0645999
-0.462167
-0.823483
-0.841339
-0.574554
-0.198524
0.129725
0.368172
0.525738
0.612926
0.639713
0.615027
0.549374
0.453783
0.33876
0.21586
0.0955869
-0.010504
-0.0913845
-0.136551
-0.134451
-0.0756286
0.0257349
0.150734
0.277309
0.384454
0.451682
0.460611
0.417017
0.334558
0.228465
0.113969
0.00525201
-0.081931
-0.1334
-0.134451
-0.0724774
0.0420161
0.185923
0.339285
0.480044
0.588241
0.644965
0.649167
0.612401
0.543071
0.450106
0.342961
0.232141
0.126574
0.0351885
-0.0325624
-0.0787798
-0.10714
-0.121846
-0.126047
-0.126047
-0.126047
-0.126047
-0.126047
-0.126047
-0.126047
-0.126047
-0.126047
-0.126047
-0.126047
-0.127098
-0.126047
-0.127098
-0.126047
-0.121846
-0.110292
-0.0871829
-0.0504191
0.00577721
0.0814064
0.175418
0.276259
0.377626
0.47164
0.549899
0.605048
0.628683
0.612926
0.552525
0.455358
0.339285
0.219011
0.110818
0.0304617
-0.0073528
-0.00840321
0.0173316
0.0567218
0.0976877
0.128675
0.137078
0.111868
0.0399153
-0.081931
-0.21428
-0.289907
-0.244741
-0.0136552
0.469014
1.24637
2.21972
3.22311
4.0863
4.64534
4.73046
4.17667
2.81491
0.478468
-2.93337
-7.05221
-11.2902
-15.066
-17.796
-18.895
-17.8915
-15.1279
-9.49148
-7.12149
-3.28411
-0.498929
0.658621
0.552525
-0.0231088
-0.35608
-0.344526
-0.165962
0.015756
0.158087
0.264704
0.345062
0.404412
0.450106
0.488973
0.523112
0.552
0.57511
0.592968
0.605048
0.611351
0.612401
0.606098
0.594543
0.577736
0.555151
0.52889
0.498427
0.465863
0.429623
0.391281
0.347163
0.297268
0.238444
0.171217
0.0929609
0.0010504
-0.103989
-0.220582
-0.316166
-0.340325
-0.248942
0.00840321
0.476893
1.197
2.13357
3.22468
4.40207
5.60166
6.7567
7.80465
8.6782
9.31106
9.65169
9.74158
9.66325
9.5003
9.33734
9.25692
9.32998
9.52132
9.75472
9.94764
10.0228
9.89928
9.52343
9.01775
8.58727
8.40751
8.43221
8.51631
8.53155
8.49055
8.46848
8.54101
8.78227
9.26954
10.0643
11.1284
12.3802
13.7406
15.1268
16.4565
17.6484
18.6222
19.2941
19.6003
19.5982
19.403
19.1278
18.8858
18.7906
18.9442
19.3656
20.0328
20.9241
22.0187
23.2934
24.7298
26.3049
27.9977
29.7813
31.5909
33.3451
34.9604
36.3552
37.4471
38.1681
38.5597
38.7131
38.7162
38.6598
38.6335
38.7062
38.7821
38.693
38.3178
37.8703
37.7222
38.1992
39.2976
40.8611
42.7364
44.7661
46.7945
48.6804
50.3755
51.8757
53.1782
54.2802
55.1755
55.8623
56.3363
56.5945
56.6404
56.5443
56.4023
56.3099
56.3659
56.6658
57.2919
58.2143
59.3523
60.6276
61.9586
63.2655
64.47
65.4876
66.2421
66.6686
66.8345
66.8657
66.8873
67.0242
67.4026
68.1287
69.1694
70.4274
71.8045
73.2046
74.5276
75.6789
76.5579
77.0694
77.1408
76.8969
76.5531
76.3215
76.4193
77.0588
78.4071
80.2932
82.3886
84.3717
85.9136
86.6907
86.5012
86.0756
86.5589
88.8875
92.4252
95.8157
97.859
98.5082
98.2263
97.478
96.7297
96.4484
97.0392
98.487
100.586
103.129
105.908
108.714
111.341
113.58
115.223
116.098
116.295
116.022
115.491
114.909
114.486
114.408
114.705
115.334
116.251
117.409
118.768
120.28
121.905
123.596
125.312
127.019
128.689
130.292
131.799
133.182
134.416
135.522
136.536
137.497
138.442
139.411
140.441
141.57
142.837
144.274
145.878
147.627
149.501
151.479
153.541
155.654
157.704
159.537
161.003
161.948
162.221
161.77
161.299
161.848
164.264
167.874
171.334
173.441
174.14
173.88
173.115
172.294
171.871
172.248
173.441
175.3
177.67
180.399
183.333
186.32
189.205
191.835
194.075
195.923
197.437
198.677
199.699
200.564
201.328
202.038
202.731
203.45
204.234
205.125
206.16
207.383
208.832
210.534
212.426
214.402
216.356
218.181
219.77
221.044
222.132
223.254
224.633
226.492
229.052
232.437
236.028
238.881
240.183
240.145
239.447
238.714
238.179
237.894
237.913
238.289
239.074
240.309
241.955
243.928
246.154
248.551
251.041
253.544
255.98
258.271
260.343
262.175
263.763
265.105
266.198
267.043
267.646
268.09
268.488
268.958
269.613
270.569
271.941
273.844
276.395
279.669
283.458
287.422
291.223
294.524
296.981
298.31
298.616
298.184
297.3
296.251
295.321
294.796
294.963
296.107
298.453
301.782
305.675
309.71
313.466
316.521
318.504
319.449
319.576
319.102
318.246
317.228
316.296
315.924
316.681
319.018
322.446
326.053
329.016
331.194
332.754
333.867
334.704
335.436
336.217
337.098
338.077
339.155
340.33
341.603
342.974
344.443
346.008
347.667
349.381
351.102
352.778
354.36
355.797
357.048
358.129
359.085
359.96
360.8
361.65
362.553
363.554
364.699
366.027
367.54
369.223
371.058
373.034
375.132
377.327
379.497
381.478
383.103
384.21
384.634
384.308
383.885
384.34
386.483
389.914
393.68
396.923
399.456
401.406
402.9
404.065
405.028
405.908
406.757
407.597
408.451
409.342
410.291
411.322
412.457
413.718
415.125
416.664
418.307
420.029
421.8
423.595
425.383
427.129
428.793
430.333
431.709
432.881
433.808
434.449
434.765
434.732
434.467
434.145
433.942
434.034
434.598
435.782
437.531
439.699
442.137
444.698
447.234
449.596
451.637
453.208
454.187
454.648
454.755
454.669
454.553
454.569
454.875
455.57
456.73
458.432
460.754
463.771
467.471
471.189
473.964
475.003
474.782
474.344
474.626
475.754
477.484
479.57
481.765
483.826
485.534
486.877
487.938
488.799
489.542
490.249
491.002
491.883
492.974
494.344
495.951
497.704
499.514
501.293
502.948
504.405
505.666
506.78
507.791
508.746
509.69
510.668
511.727
512.912
514.262
515.765
517.384
519.084
520.829
522.584
524.313
525.987
527.576
529.054
530.394
531.566
532.544
533.299
533.804
534.041
534.07
533.983
533.875
533.836
533.962
534.344
535.074
536.242
537.935
540.246
543.262
546.985
550.736
553.541
554.587
554.36
553.922
554.225
555.371
557.079
559.064
561.041
562.727
563.87
564.477
564.668
564.566
564.294
563.969
563.716
563.657
563.911
564.586
565.686
567.169
568.99
571.106
573.476
576.049
578.755
581.499
584.195
586.751
589.08
591.091
592.694
593.798
594.339
594.404
594.153
593.745
593.342
593.104
593.175
593.582
594.3
595.302
596.564
598.057
599.758
601.639
603.675
605.828
607.975
609.952
611.599
612.751
613.246
612.97
612.188
611.339
610.858
611.183
612.752
615.85
619.652
622.829
624.236
624.135
623.418
622.898
622.763
622.92
623.275
623.731
624.195
624.585
624.938
625.341
625.882
626.65
627.732
629.215
631.189
633.742
636.928
640.573
644.396
648.119
651.457
654.13
655.896
656.807
657.04
656.783
656.215
655.519
654.879
654.476
654.494
655.089
656.235
657.825
659.748
661.898
664.165
666.441
668.632
670.646
672.393
673.785
674.728
675.157
675.163
674.918
674.594
674.41
674.603
675.383
676.713
678.452
680.457
682.583
684.688
686.639
688.396
689.954
691.313
692.468
693.418
694.159
694.689
695.008
695.117
695.074
694.959
694.853
694.837
694.989
695.38
696.015
696.865
697.899
699.091
700.41
701.83
703.321
704.856
706.408
707.988
709.617
711.317
713.112
715.023
717.063
719.149
721.163
722.982
724.488
725.556
726.088
726.132
725.803
725.237
724.729
724.639
725.283
726.634
728.508
730.718
733.083
735.415
737.546
739.43
741.07
742.473
743.643
744.587
745.31
745.818
746.115
746.213
746.169
746.058
745.958
745.945
746.095
746.475
747.091
747.919
748.934
750.113
751.431
752.866
754.39
755.984
757.622
759.293
760.989
762.703
764.427
766.153
767.873
769.553
771.15
772.626
773.935
775.038
775.893
776.456
776.687
776.564
776.219
775.851
775.657
775.838
776.592
778.073
780.097
782.324
784.42
786.044
786.857
786.654
786.206
786.715
789.162
792.919
796.626
799.072
800.099
800.038
799.221
797.977
796.637
795.506
794.672
794.134
793.89
793.936
794.27
794.889
795.791
796.972
798.425
800.089
801.878
803.71
805.501
807.167
808.633
809.913
811.051
812.097
813.095
814.097
815.146
816.292
817.581
819.053
820.685
822.422
824.215
826.011
827.761
829.414
830.953
832.379
833.686
834.874
835.94
836.881
837.697
838.383
838.934
839.325
839.514
839.471
839.154
838.528
837.586
836.551
835.746
835.498
836.131
837.971
841.207
845.032
848.191
849.607
849.526
848.786
848.152
847.83
847.772
847.927
848.247
848.68
849.183
849.761
850.437
851.231
852.168
853.273
854.566
856.072
857.815
859.802
861.939
864.086
866.098
867.833
869.15
869.928
870.218
870.146
869.84
869.425
869.027
868.775
868.794
869.21
870.132
871.512
873.24
875.202
877.288
879.385
881.388
883.248
884.941
886.444
887.733
888.781
889.567
890.068
890.258
890.129
889.804
889.457
889.265
889.402
890.047
891.339
893.145
895.211
897.28
899.098
900.408
901
900.995
900.666
900.282
900.115
900.435
901.471
903.116
905.116
907.215
909.161
910.694
911.596
911.909
911.786
911.387
910.868
910.386
910.097
910.16
910.731
911.934
913.654
915.666
917.743
919.656
921.182
922.123
922.511
922.484
922.175
921.72
921.256
920.917
920.838
921.156
921.987
923.295
924.983
926.951
929.101
931.332
933.549
935.677
937.649
939.401
940.869
941.986
942.7
943.047
943.098
942.932
942.619
942.236
941.856
941.539
941.342
941.32
941.528
942.024
942.848
943.958
945.266
946.685
948.13
949.516
950.756
951.763
952.452
952.755
952.753
952.59
952.412
952.366
952.595
953.228
954.229
955.5
956.939
958.446
959.919
961.256
962.357
963.121
963.467
963.474
963.295
963.08
962.98
963.148
963.715
964.654
965.867
967.26
968.735
970.195
971.544
972.684
973.518
973.969
974.091
974.001
973.815
973.648
973.617
973.827
974.3
975.02
975.972
977.141
978.51
980.065
981.79
983.671
985.681
987.741
989.744
991.578
993.137
994.312
995.013
995.297
995.281
995.088
994.839
994.654
994.63
994.687
994.664
994.45
994.27
994.503
995.476
997.105
999.124
1001.27
1003.26
1004.84
1005.78
1006.11
1005.99
1005.59
1005.06
1004.56
1004.26
1004.32
1004.89
1006.1
1007.83
1009.86
1011.93
1013.83
1015.31
1016.18
1016.48
1016.35
1015.96
1015.45
1014.99
1014.71
1014.78
1015.36
1016.55
1018.26
1020.27
1022.37
1024.36
1026.02
1027.16
1027.77
1027.93
1027.7
1027.14
1026.33
1025.41
1024.95
1025.77
1028.47
1032.34
1036.03
1038.36
1039.25
1039.12
1038.37
1037.43
1036.71
1036.59
1037.09
1038.08
1039.43
1041.01
1042.69
1044.35
1045.85
1047.07
1047.89
1048.31
1048.41
1048.24
1047.88
1047.38
1046.81
1046.22
1045.69
1045.27
1045.03
1045.02
1045.3
1045.95
1047.01
1048.53
1050.4
1052.42
1054.41
1056.19
1057.56
1058.38
1058.7
1058.65
1058.39
1058.06
1057.8
1057.75
1057.81
1057.8
1057.59
1057.41
1057.65
1058.62
1060.25
1062.28
1064.43
1066.44
1068.04
1069
1069.34
1069.25
1068.86
1068.35
1067.87
1067.59
1067.66
1068.24
1069.47
1071.21
1073.24
1075.33
1077.24
1078.74
1079.63
1079.95
1079.85
1079.48
1078.99
1078.52
1078.23
1078.27
1078.79
1079.9
1081.52
1083.45
1085.5
1087.49
1089.21
1090.51
1091.37
1091.83
1091.97
1091.83
1091.47
1090.95
1090.32
1089.64
1088.97
1088.4
1088.04
1087.99
1088.36
1089.26
1090.75
1092.71
1094.87
1096.98
1098.79
1100.04
1100.55
1100.5
1100.25
1100.1
1100.09
1100.08
1099.96
1099.77
1099.59
1099.5
1099.59
1099.95
1100.64
1101.63
1102.86
1104.23
1105.67
1107.11
1108.46
1109.66
1110.61
1111.26
1111.61
1111.7
1111.58
1111.29
1110.87
1110.36
1109.82
1109.31
1108.9
1108.63
1108.59
1108.83
1109.4
1110.37
1111.79
1113.57
1115.53
1117.55
1119.44
1121.07
1122.29
1123.1
1123.55
1123.68
1123.56
1123.22
1122.73
1122.13
1121.48
1120.83
1120.27
1119.91
1119.86
1120.22
1121.1
1122.58
1124.51
1126.65
1128.74
1130.53
1131.78
1132.29
1132.24
1131.98
1131.84
1131.82
1131.81
1131.71
1131.54
1131.38
1131.32
1131.44
1131.83
1132.55
1133.56
1134.8
1136.17
1137.6
1139.01
1140.31
1141.42
1142.27
1142.79
1143
1143
1142.85
1142.63
1142.43
1142.32
1142.29
1142.34
1142.42
1142.51
1142.6
1142.66
1142.66
1142.57
1142.39
1142.17
1141.98
1141.9
1142.02
1142.42
1143.17
1144.22
1145.5
1146.91
1148.37
1149.8
1151.12
1152.22
1153.04
1153.5
1153.65
1153.59
1153.42
1153.24
1153.16
1153.25
1153.46
1153.68
1153.8
1153.71
1153.29
1152.52
1152.04
1152.79
1155.49
1159.44
1163.29
1165.82
1166.91
1166.91
1166.19
1165.09
1163.98
1163.18
1162.74
1162.59
1162.66
1162.89
1163.2
1163.52
1163.79
1163.92
1163.88
1163.7
1163.5
1163.36
1163.39
1163.69
1164.34
1165.32
1166.54
1167.92
1169.38
1170.84
1172.22
1173.43
1174.41
1175.07
1175.42
1175.52
1175.39
1175.09
1174.67
1174.16
1173.62
1173.12
1172.73
1172.49
1172.49
1172.77
1173.4
1174.45
1175.96
1177.81
1179.82
1181.81
1183.6
1185
1185.86
1186.22
1186.22
1186
1185.68
1185.4
1185.29
1185.3
1185.36
1185.37
1185.35
1185.36
1185.43
1185.55
1185.67
1185.74
1185.72
1185.56
1185.22
1184.8
1184.43
1184.27
1184.47
1185.15
1186.45
1188.23
1190.28
1192.38
1194.29
1195.8
1196.72
1197.09
1197.05
1196.78
1196.4
1196.07
1195.93
1195.95
1196.02
1196.05
1196.05
1196.03
1196.02
1196.03
1196.03
1196.04
1196.04
1196.03
1196.01
1195.97
1195.94
1195.92
1195.94
1196.01
1196.12
1196.22
1196.2
1195.99
1195.82
1196.05
1196.97
1198.52
1200.46
1202.58
1204.64
1206.4
1207.67
1208.43
1208.78
1208.79
1208.56
1208.17
1207.71
1207.25
1206.9
1206.72
1206.69
1206.74
1206.81
1206.83
1206.74
1206.49
1206.11
1205.68
1205.28
1204.99
1204.89
1205.04
1205.54
1206.46
1207.86
1209.63
1211.62
1213.64
1215.54
1217.13
1218.28
1218.98
1219.31
1219.34
1219.15
1218.8
1218.38
1217.95
1217.59
1217.37
1217.27
1217.27
1217.33
1217.43
1217.52
1217.59
1217.61
1217.61
1217.6
1217.57
1217.54
1217.52
1217.52
1217.53
1217.57
1217.6
1217.56
1217.41
1217.2
1217
1216.92
1217.03
1217.42
1218.15
1219.21
1220.49
1221.91
1223.4
1224.86
1226.21
1227.37
1228.25
1228.77
1228.98
1228.95
1228.77
1228.52
1228.28
1228.12
1228.05
1228.05
1228.1
1228.16
1228.23
1228.28
1228.3
1228.3
1228.29
1228.27
1228.25
1228.22
1228.2
1228.19
1228.19
1228.2
1228.23
1228.29
1228.36
1228.43
1228.49
1228.54
1228.55
1228.52
1228.43
1228.28
1228.06
1227.82
1227.63
1227.57
1227.71
1228.12
1228.86
1229.91
1231.17
1232.58
1234.03
1235.47
1236.8
1237.94
1238.82
1239.36
1239.6
1239.61
1239.47
1239.24
1239
1238.82
1238.71
1238.66
1238.66
1238.69
1238.75
1238.82
1238.89
1238.95
1238.99
1239
1239.01
1239
1238.98
1238.96
1238.94
1238.93
1238.92
1238.91
1238.91
1238.91
1238.92
1238.93
1238.95
1238.98
1239.01
1239.04
1239.07
1239.09
1239.1
1239.1
1239.08
1239.06
1239.03
1239
1238.96
1238.93
1238.92
1238.95
1239.02
1239.1
1239.11
1238.99
1238.78
1238.57
1238.45
1238.51
1238.85
1239.53
1240.52
1241.74
1243.11
1244.55
1245.99
1247.32
1248.49
1249.4
1249.99
1250.28
1250.34
1250.24
1250.06
1249.86
1249.71
1249.61
1249.56
1249.54
1249.56
1249.59
1249.63
1249.66
1249.68
1249.68
1249.67
1249.65
1249.63
1249.64
1249.67
1249.75
1249.85
1249.96
1250.06
1250.13
1250.15
1250.11
1249.98
1249.75
1249.4
1248.97
1248.52
1248.13
1247.84
1247.72
1247.82
1248.11
1248.51
1248.95
1249.35
1249.65
1249.77
1249.76
1249.7
1249.66
1249.66
1249.68
1249.7
1249.71
1249.71
1249.7
1249.7
1249.69
1249.67
1249.66
1249.65
1249.64
1249.63
1249.63
1249.64
1249.65
1249.68
1249.71
1249.75
1249.78
1249.79
1249.77
1249.7
1249.59
1249.42
1249.21
1248.98
1248.73
1248.47
1248.22
1247.98
1247.76
1247.58
1247.49
1247.57
1247.87
1248.47
1249.44
1250.83
1252.51
1254.29
1255.96
1257.34
1258.22
1258.46
1258.33
1258.28
1258.7
1259.48
1260.29
1260.83
1261.06
1261.06
1260.9
1260.68
1260.46
1260.32
1260.26
1260.26
1260.31
1260.36
1260.42
1260.45
1260.45
1260.43
1260.39
1260.35
1260.3
1260.25
1260.21
1260.2
1260.22
1260.28
1260.4
1260.56
1260.65
1260.5
1259.97
1259.19
1258.45
1257.96
1257.76
1257.76
1257.91
1258.11
1258.29
1258.4
1258.41
1258.37
1258.29
1258.21
1258.14
1258.11
1258.15
1258.28
1258.52
1258.86
1259.25
1259.66
1260.05
1260.37
1260.6
1260.74
1260.8
1260.8
1260.76
1260.68
1260.59
1260.5
1260.44
1260.4
1260.4
1260.42
1260.46
1260.51
1260.54
1260.56
1260.53
1260.45
1260.3
1260.1
1259.85
1259.58
1259.29
1259.01
1258.75
1258.52
1258.35
1258.24
1258.19
1258.19
1258.22
1258.26
1258.31
1258.35
1258.37
1258.38
1258.38
1258.36
1258.33
1258.3
1258.25
1258.19
1258.13
1258.07
1258.03
1258.02
1258.06
1258.15
1258.32
1258.55
1258.83
1259.14
1259.46
1259.78
1260.07
1260.33
1260.53
1260.67
1260.73
1260.75
1260.72
1260.66
1260.58
1260.5
1260.42
1260.37
1260.36
1260.4
1260.53
1260.73
1260.85
1260.66
1260
1259.08
1258.29
1257.97
1258.14
1258.62
1259.28
1259.95
1260.49
1260.75
1260.75
1260.54
1260.18
1259.74
1259.27
1258.84
1258.5
1258.33
1258.37
1258.54
1258.75
1258.88
1258.81
1258.44
1257.66
1256.53
1255.14
1253.61
1252.04
1250.54
1249.22
1248.17
1247.52
1247.33
1247.55
1248.05
1248.7
1249.35
1249.89
1250.19
1250.27
1250.21
1250.09
1249.97
1249.95
1250.07
1250.18
1250.05
1249.47
1248.6
1247.73
1247.11
1246.79
1246.72
1246.84
1247.12
1247.5
1247.92
1248.36
1248.79
1249.2
1249.55
1249.83
1250.02
1250.08
1250
1249.76
1249.39
1248.95
1248.47
1248.02
1247.64
1247.38
1247.24
1247.19
1247.21
1247.27
1247.37
1247.47
1247.54
1247.58
1247.55
1247.49
1247.42
1247.38
1247.41
1247.54
1247.8
1248.17
1248.6
1249.05
1249.48
1249.83
1250.07
1250.15
1250.02
1249.66
1249.12
1248.53
1248
1247.63
1247.55
1247.84
1248.41
1249.09
1249.7
1250.08
1250.04
1249.47
1248.57
1247.72
1247.24
1247.19
1247.49
1248.05
1248.74
1249.44
1249.98
1250.24
1250.07
1249.34
1248.13
1246.55
1244.75
1242.85
1240.99
1239.3
1237.92
1236.97
1236.58
1236.67
1237.11
1237.76
1238.48
1239.13
1239.58
1239.84
1239.93
1239.89
1239.77
1239.6
1239.43
1239.3
1239.24
1239.28
1239.4
1239.53
1239.59
1239.54
1239.31
1238.85
1238.23
1237.59
1237.07
1236.8
1236.91
1237.5
1238.35
1239.12
1239.51
1239.52
1239.3
1238.97
1238.58
1238.17
1237.74
1237.32
1236.92
1236.57
1236.27
1236.04
1235.89
1235.83
1235.88
1236.04
1236.32
1236.75
1237.31
1237.96
1238.57
1239.06
1239.34
1239.29
1238.85
1238.04
1236.93
1235.62
1234.17
1232.68
1231.22
1229.88
1228.72
1227.83
1227.19
1226.76
1226.5
1226.36
1226.28
1226.25
1226.23
1226.22
1226.22
1226.23
1226.25
1226.26
1226.27
1226.28
1226.27
1226.25
1226.24
1226.24
1226.24
1226.27
1226.32
1226.38
1226.43
1226.44
1226.41
1226.31
1226.13
1226.02
1226.19
1226.79
1227.65
1228.41
1228.77
1228.71
1228.34
1227.78
1227.13
1226.52
1226.05
1225.73
1225.55
1225.49
1225.54
1225.68
1225.9
1226.17
1226.49
1226.83
1227.13
1227.34
1227.38
1227.19
1226.7
1225.86
1224.71
1223.35
1221.88
1220.39
1218.96
1217.71
1216.71
1216.07
1215.86
1216.02
1216.43
1216.99
1217.56
1218.03
1218.29
1218.35
1218.23
1217.98
1217.63
1217.22
1216.8
1216.4
1216.05
1215.8
1215.65
1215.61
1215.66
1215.82
1216.07
1216.42
1216.82
1217.25
1217.65
1217.99
1218.21
1218.3
1218.28
1218.24
1218.25
1218.31
1218.37
1218.41
1218.43
1218.43
1218.42
1218.4
1218.38
1218.38
1218.38
1218.4
1218.42
1218.46
1218.5
1218.54
1218.59
1218.65
1218.71
1218.77
1218.8
1218.81
1218.78
1218.69
1218.54
1218.33
1218.08
1217.81
1217.54
1217.27
1217.04
1216.84
1216.71
1216.66
1216.71
1216.91
1217.27
1217.83
1218.62
1219.67
1220.92
1222.31
1223.77
1225.21
1226.57
1227.78
1228.75
1229.41
1229.72
1229.74
1229.61
1229.47
1229.46
1229.7
1230.3
1231.08
1231.76
1232.04
1231.62
1230.22
1227.6
1224.02
1219.94
1215.83
1212.06
1209.02
1207
1205.99
1205.79
1206.23
1207.13
1208.28
1209.55
1210.84
1212.15
1213.45
1214.73
1215.96
1217.13
1218.21
1219.19
1220.03
1220.69
1221.07
1221.1
1220.69
1219.77
1218.26
1216.25
1213.85
1211.2
1208.43
1205.68
1203.06
1200.71
1198.75
1197.32
1196.43
1196.07
1196.24
1196.93
1198.13
1199.81
1201.82
1203.94
1205.97
1207.71
1208.93
1209.48
1209.5
1209.28
1209.11
1209.07
1209.19
1209.49
1209.87
1210.22
1210.41
1210.32
1209.82
1208.81
1207.31
1205.39
1203.12
1200.57
1197.81
1194.92
1191.97
1189.03
1186.18
1183.53
1181.22
1179.38
1178.15
1177.66
1178.03
1179.16
1180.89
1183.05
1185.47
1187.97
1190.4
1192.67
1194.73
1196.52
1197.99
1199.09
1199.78
1200.11
1200.16
1200.01
1199.74
1199.46
1199.22
1199.06
1198.96
1198.92
1198.95
1199.02
1199.14
1199.3
1199.5
1199.73
1199.95
1200.12
1200.18
1200.08
1199.78
1199.23
1198.44
1197.46
1196.31
1195.02
1193.65
1192.21
1190.75
1189.3
1187.89
1186.46
1184.94
1183.24
1181.3
1179.02
1176.34
1173.37
1170.24
1167.13
1164.19
1161.58
1159.45
1157.96
1157.27
1157.51
1158.58
1160.29
1162.45
1164.88
1167.38
1169.76
1171.97
1173.94
1175.64
1177.04
1178.09
1178.75
1178.99
1178.76
1178.03
1176.85
1175.26
1173.32
1171.11
1168.68
1166.09
1163.53
1161.18
1159.26
1157.96
1157.5
1157.96
1158.5
1157.9
1155.17
1151.17
1147.58
1145.92
1146.27
1148.11
1150.89
1154.07
1157.13
1159.56
1161.26
1162.3
1162.73
1162.62
1162.03
1161.03
1159.67
1158.02
1156.15
1154.15
1152.14
1150.23
1148.53
1147.14
1146.18
1145.61
1145.37
1145.39
1145.6
1145.94
1146.33
1146.71
1147.01
1147.17
1147.2
1147.15
1147.05
1146.96
1146.91
1146.95
1147.07
1147.22
1147.38
1147.51
1147.59
1147.57
1147.43
1147.14
1146.67
1146.13
1145.71
1145.56
1145.86
1146.77
1148.43
1150.62
1153
1155.2
1156.87
1157.65
1157.34
1156.78
1157.31
1160.01
1164.05
1167.74
1169.55
1169.36
1167.64
1164.9
1161.62
1158.29
1155.37
1152.88
1150.72
1148.74
1146.84
1144.87
1142.72
1140.26
1137.36
1133.94
1130.12
1126.16
1122.31
1118.82
1115.92
1113.83
1112.54
1111.91
1111.84
1112.2
1112.85
1113.69
1114.59
1115.42
1116.08
1116.51
1116.71
1116.65
1116.33
1115.73
1114.84
1113.71
1112.41
1111.01
1109.59
1108.22
1106.97
1105.92
1105.12
1104.66
1104.48
1104.51
1104.68
1104.9
1105.11
1105.23
1105.27
1105.25
1105.2
1105.16
1105.14
1105.18
1105.28
1105.4
1105.53
1105.64
1105.7
1105.7
1105.65
1105.61
1105.61
1105.7
1105.93
1106.32
1106.78
1107.19
1107.39
1107.24
1106.62
1105.4
1103.7
1101.75
1099.75
1097.93
1096.5
1095.66
1095.35
1095.42
1095.72
1096.09
1096.39
1096.48
1096.41
1096.3
1096.26
1096.32
1096.44
1096.61
1096.8
1097
1097.18
1097.33
1097.41
1097.41
1097.35
1097.26
1097.15
1097.07
1097.03
1097.07
1097.21
1097.48
1097.9
1098.37
1098.74
1098.86
1098.6
1097.79
1096.34
1094.39
1092.21
1090.08
1088.27
1087.03
1086.58
1086.68
1086.87
1086.77
1086.58
1086.76
1087.7
1089.33
1091.39
1093.62
1095.76
1097.55
1098.75
1099.37
1099.55
1099.4
1099.04
1098.61
1098.22
1098
1098.07
1098.51
1099.17
1099.74
1099.95
1099.51
1098.12
1095.57
1092.07
1088.06
1083.97
1080.21
1077.23
1075.43
1075.06
1076.31
1079.27
1083.13
1086.72
1088.97
1089.83
1089.7
1088.98
1088.07
1087.38
1087.25
1087.72
1088.66
1089.96
1091.5
1093.15
1094.8
1096.33
1097.62
1098.55
1099.12
1099.34
1099.24
1098.83
1098.15
1097.21
1096.07
1094.79
1093.45
1092.1
1090.81
1089.65
1088.68
1087.97
1087.57
1087.44
1087.5
1087.69
1087.92
1088.12
1088.22
1088.22
1088.16
1088.06
1087.96
1087.9
1087.9
1088
1088.23
1088.6
1089.04
1089.39
1089.51
1089.27
1088.52
1087.15
1085.3
1083.22
1081.13
1079.3
1077.95
1077.29
1077.17
1077.31
1077.43
1077.48
1077.48
1077.47
1077.46
1077.45
1077.42
1077.39
1077.35
1077.3
1077.24
1077.19
1077.14
1077.12
1077.11
1077.14
1077.2
1077.31
1077.47
1077.62
1077.72
1077.7
1077.49
1077.04
1076.29
1075.27
1074.06
1072.71
1071.3
1069.9
1068.57
1067.39
1066.42
1065.72
1065.3
1065.16
1065.28
1065.64
1066.25
1067.08
1068.1
1069.26
1070.52
1071.84
1073.16
1074.44
1075.65
1076.72
1077.62
1078.28
1078.64
1078.62
1078.16
1077.18
1075.65
1073.71
1071.59
1069.54
1067.78
1066.56
1066.05
1066.09
1066.35
1066.54
1066.59
1066.56
1066.47
1066.37
1066.29
1066.26
1066.31
1066.49
1066.81
1067.23
1067.68
1068.09
1068.38
1068.48
1068.32
1067.82
1066.92
1065.57
1063.84
1061.92
1059.96
1058.13
1056.58
1055.47
1054.79
1054.47
1054.46
1054.7
1055.11
1055.64
1056.22
1056.78
1057.28
1057.65
1057.86
1057.88
1057.66
1057.17
1056.37
1055.3
1054.05
1052.69
1051.29
1049.93
1048.67
1047.61
1046.8
1046.32
1046.13
1046.15
1046.32
1046.56
1046.78
1046.94
1047.01
1047.01
1046.98
1046.91
1046.84
1046.77
1046.72
1046.68
1046.67
1046.67
1046.68
1046.68
1046.67
1046.67
1046.66
1046.66
1046.68
1046.7
1046.74
1046.78
1046.82
1046.84
1046.85
1046.84
1046.79
1046.7
1046.57
1046.43
1046.3
1046.22
1046.22
1046.35
1046.63
1047.01
1047.43
1047.8
1048.06
1048.13
1047.94
1047.42
1046.49
1045.1
1043.35
1041.41
1039.43
1037.58
1036.04
1034.94
1034.27
1033.97
1033.96
1034.17
1034.52
1034.95
1035.37
1035.72
1035.93
1036.01
1035.98
1035.89
1035.77
1035.65
1035.57
1035.53
1035.52
1035.54
1035.58
1035.62
1035.68
1035.73
1035.77
1035.79
1035.79
1035.78
1035.75
1035.72
1035.69
1035.66
1035.64
1035.63
1035.65
1035.69
1035.73
1035.78
1035.82
1035.85
1035.86
1035.84
1035.79
1035.7
1035.59
1035.5
1035.47
1035.53
1035.72
1036.06
1036.51
1036.99
1037.42
1037.73
1037.84
1037.66
1037.13
1036.17
1034.71
1032.88
1030.87
1028.87
1027.08
1025.67
1024.82
1024.48
1024.51
1024.77
1025.12
1025.41
1025.53
1025.51
1025.46
1025.45
1025.5
1025.58
1025.65
1025.7
1025.75
1025.79
1025.83
1025.87
1025.91
1025.96
1026.02
1026.09
1026.16
1026.23
1026.32
1026.41
1026.51
1026.62
1026.73
1026.85
1026.98
1027.12
1027.26
1027.42
1027.57
1027.71
1027.84
1027.94
1028.01
1028.02
1027.99
1027.89
1027.72
1027.55
1027.46
1027.53
1027.86
1028.53
1029.58
1030.77
1031.73
1032.08
1031.44
1029.43
1025.84
1021.57
1018.04
1016.44
1016.52
1017.36
1018.15
1018.63
1018.79
1018.67
1018.26
1017.58
1016.64
1015.49
1014.2
1012.83
1011.45
1010.12
1008.9
1007.87
1007.09
1006.6
1006.39
1006.39
1006.52
1006.72
1006.93
1007.08
1007.16
1007.19
1007.17
1007.12
1007.05
1006.97
1006.89
1006.83
1006.79
1006.78
1006.79
1006.83
1006.88
1006.95
1007.03
1007.12
1007.21
1007.28
1007.34
1007.36
1007.34
1007.27
1007.14
1006.95
1006.75
1006.64
1006.7
1007
1007.64
1008.66
1009.82
1010.76
1011.1
1010.48
1008.52
1005.02
1000.87
997.433
995.902
996
996.796
997.454
997.766
997.82
997.699
997.489
997.277
997.139
997.086
997.103
997.175
997.287
997.419
997.559
997.689
997.793
997.859
997.888
997.889
997.871
997.843
997.816
997.795
997.786
997.785
997.794
997.81
997.835
997.865
997.901
997.943
997.989
998.037
998.088
998.138
998.184
998.228
998.265
998.297
998.323
998.343
998.36
998.372
998.377
998.38
998.379
998.373
998.367
998.362
998.36
998.364
998.374
998.395
998.42
998.44
998.448
998.434
998.39
998.316
998.273
998.343
998.576
998.745
998.505
997.562
995.986
994.023
991.913
989.901
988.225
987.103
986.524
986.39
986.596
987.043
987.628
988.248
988.802
989.189
989.319
989.216
988.949
988.588
988.207
987.872
987.649
987.54
987.52
987.567
987.657
987.765
987.868
987.942
987.965
987.916
987.826
987.744
987.718
987.797
988.032
988.46
989.032
989.661
990.261
990.743
991.02
991.005
990.612
989.752
988.364
986.576
984.594
982.631
980.893
979.592
978.901
978.742
978.924
979.252
979.535
979.578
979.23
978.635
978.066
977.768
977.753
977.93
978.213
978.552
978.912
979.263
979.568
979.794
979.913
979.928
979.856
979.716
979.522
979.297
979.054
978.812
978.59
978.404
978.272
978.21
978.238
978.369
978.624
979.01
979.484
979.974
980.411
980.725
980.843
980.7
980.222
979.34
978.005
976.315
974.431
972.518
970.739
969.254
968.209
967.596
967.345
967.381
967.635
968.034
968.503
968.972
969.37
969.632
969.763
969.803
969.783
969.743
969.718
969.738
969.803
969.894
969.991
970.078
970.137
970.152
970.144
970.141
970.171
970.226
970.277
970.303
970.299
970.273
970.229
970.174
970.114
970.056
970.006
969.969
969.952
969.961
970.003
970.084
970.209
970.385
970.612
970.848
971.034
971.106
971.006
970.669
970.047
969.163
968.071
966.833
965.501
964.134
962.788
961.521
960.388
959.448
958.765
958.403
958.43
958.913
959.918
961.486
963.461
965.6
967.661
969.398
970.57
970.99
970.897
970.72
970.811
970.987
970.823
969.949
968.419
966.469
964.339
962.268
960.495
959.231
958.483
958.161
958.179
958.448
958.881
959.387
959.88
960.272
960.486
960.547
960.52
960.471
960.467
960.575
960.848
961.248
961.698
962.117
962.428
962.55
962.406
961.917
961.004
959.61
957.847
955.905
953.971
952.233
950.879
950.07
949.762
949.814
950.092
950.456
950.77
950.913
950.906
950.83
950.762
950.715
950.68
950.647
950.614
950.586
950.561
950.542
950.532
950.529
950.534
950.542
950.548
950.548
950.537
950.512
950.47
950.404
950.315
950.221
950.148
950.127
950.182
950.343
950.633
951.048
951.574
952.194
952.895
953.658
954.469
955.313
956.174
957.035
957.884
958.702
959.475
960.186
960.821
961.364
961.798
962.11
962.283
962.3
962.148
961.81
961.271
960.515
959.532
958.363
957.066
955.704
954.336
953.024
951.828
950.808
950.024
949.539
949.411
949.703
950.392
950.849
950.164
947.62
943.88
940.212
937.759
936.649
936.573
937.215
938.259
939.391
940.325
940.994
941.428
941.66
941.72
941.64
941.452
941.188
940.878
940.557
940.253
939.998
939.827
939.768
939.852
940.105
940.48
940.9
941.289
941.572
941.674
941.518
941.029
940.129
938.765
937.034
935.104
933.142
931.316
929.793
928.72
928.091
927.831
927.868
928.125
928.533
929.014
929.495
929.903
930.172
930.308
930.348
930.328
930.284
930.256
930.272
930.334
930.422
930.52
930.609
930.673
930.699
930.698
930.695
930.716
930.785
930.927
931.158
931.429
931.663
931.782
931.707
931.362
930.681
929.699
928.495
927.149
925.739
924.345
923.048
921.925
921.055
920.506
920.25
920.215
920.332
920.531
920.739
920.894
920.984
921.018
921.009
920.964
920.894
920.813
920.726
920.647
920.585
920.544
920.526
920.531
920.561
920.619
920.702
920.799
920.894
920.969
921.005
920.986
920.893
920.71
920.419
920.015
919.58
919.239
919.114
919.329
920.005
921.238
922.921
924.856
926.839
928.672
930.154
931.11
931.561
931.615
931.382
930.972
930.491
930.042
929.64
929.266
928.905
928.535
928.14
927.701
927.199
926.615
925.933
925.133
924.195
923.103
921.838
920.382
918.726
916.929
915.081
913.272
911.594
910.136
908.979
908.13
907.568
907.269
907.211
907.367
907.717
908.237
908.905
909.696
910.588
911.557
912.581
913.635
914.698
915.745
916.754
917.7
918.562
919.316
919.938
920.406
920.695
920.783
920.66
920.405
920.14
919.985
920.063
920.493
921.356
922.417
923.303
923.642
923.059
921.18
917.787
913.789
910.585
909.354
909.612
910.139
909.843
908.599
906.715
904.503
902.273
900.336
898.966
898.176
897.858
897.905
898.209
898.662
899.157
899.584
899.839
899.823
899.533
899.005
898.279
897.39
896.376
895.273
894.12
892.954
891.811
890.728
889.744
888.892
888.176
887.591
887.132
886.789
886.559
886.434
886.407
886.473
886.625
886.857
887.162
887.532
887.963
888.448
888.982
889.555
890.163
890.8
891.458
892.131
892.813
893.498
894.18
894.851
895.504
896.134
896.736
897.3
897.823
898.295
898.713
899.069
899.356
899.568
899.701
899.745
899.698
899.558
899.323
898.989
898.555
898.018
897.375
896.625
895.765
894.791
893.704
892.499
891.174
889.727
888.159
886.495
884.771
883.022
881.285
879.597
878.008
876.693
875.878
875.789
876.652
878.696
882.032
885.914
889.204
890.901
891.035
890.109
888.597
886.77
884.799
882.861
881.127
879.771
878.942
878.601
878.623
878.887
879.267
879.639
879.895
880.02
880.048
880.009
879.934
879.857
879.805
879.785
879.794
879.83
879.889
879.969
880.064
880.165
880.256
880.324
880.373
880.407
880.437
880.464
880.489
880.511
880.533
880.553
880.573
880.593
880.611
880.629
880.645
880.66
880.675
880.687
880.697
880.705
880.711
880.713
880.712
880.708
880.701
880.689
880.676
880.667
880.662
880.671
880.692
880.732
880.782
880.832
880.871
880.883
880.853
880.769
880.654
880.545
880.483
880.505
880.651
880.95
881.361
881.807
882.215
882.511
882.619
882.466
881.977
881.077
879.711
877.979
876.045
874.075
872.235
870.69
869.584
868.916
868.614
868.606
868.822
869.191
869.641
870.101
870.5
870.775
870.927
870.983
870.972
870.922
870.862
870.818
870.794
870.788
870.799
870.822
870.856
870.895
870.94
870.985
871.029
871.073
871.117
871.163
871.213
871.268
871.329
871.388
871.439
871.469
871.472
871.435
871.361
871.312
871.386
871.639
871.85
871.675
870.816
869.338
867.467
865.426
863.441
861.737
860.511
859.772
859.438
859.434
859.674
860.084
860.58
861.085
861.516
861.806
861.95
861.975
861.911
861.784
861.622
861.452
861.291
861.152
861.049
860.994
861
861.081
861.25
861.519
861.891
862.284
862.577
862.649
862.381
861.651
860.368
858.646
856.686
854.692
852.869
851.423
850.523
850.138
850.137
850.39
850.765
851.133
851.378
851.486
851.491
851.425
851.32
851.212
851.129
851.076
851.05
851.045
851.057
851.083
851.116
851.153
851.187
851.216
851.236
851.247
851.245
851.231
851.201
851.156
851.1
851.046
851.003
850.981
850.988
851.037
851.136
851.296
851.519
851.759
851.943
852.002
851.864
851.458
850.728
849.706
848.474
847.11
845.693
844.304
843.019
841.919
841.084
840.577
840.365
840.373
840.52
840.73
840.924
841.033
841.055
841.017
840.947
840.87
840.816
840.807
840.837
840.889
840.939
840.969
840.96
840.899
840.807
840.721
840.683
840.729
840.9
841.219
841.604
841.919
842.038
841.826
841.151
839.91
838.217
836.28
834.308
832.509
831.088
830.227
829.879
829.898
830.138
830.453
830.698
830.753
830.699
830.702
830.889
831.051
830.842
829.958
828.459
826.568
824.511
822.51
820.79
819.548
818.789
818.432
818.399
818.611
818.986
819.446
819.911
820.302
820.548
820.652
820.652
820.581
820.479
820.38
820.319
820.295
820.298
820.319
820.343
820.362
820.367
820.362
820.363
820.381
820.423
820.491
820.585
820.687
820.765
820.789
820.731
820.559
820.252
819.853
819.429
819.051
818.788
818.71
818.885
819.385
820.278
821.614
823.305
825.2
827.146
828.993
830.587
831.789
832.552
832.872
832.743
832.164
831.127
829.646
827.841
825.889
823.96
822.229
820.867
820.024
819.666
819.674
819.931
820.32
820.723
821.033
821.229
821.332
821.356
821.322
821.246
821.146
821.043
820.952
820.887
820.855
820.846
820.859
820.888
820.927
820.974
821.023
821.078
821.136
821.193
821.252
821.31
821.366
821.42
821.472
821.517
821.557
821.592
821.619
821.636
821.644
821.642
821.628
821.601
821.562
821.507
821.436
821.349
821.245
821.124
821.008
820.925
820.904
820.975
821.166
821.496
821.924
822.375
822.777
823.054
823.137
822.948
822.417
821.47
820.054
818.281
816.33
814.383
812.623
811.23
810.358
809.973
809.948
810.162
810.494
810.819
811.029
811.114
811.107
811.042
810.956
810.884
810.854
810.864
810.901
810.949
810.992
811.016
811.005
810.967
810.915
810.864
810.828
810.822
810.858
810.952
811.117
811.36
811.634
811.863
811.975
811.895
811.554
810.886
809.93
808.761
807.459
806.1
804.762
803.526
802.465
801.661
801.175
800.976
800.986
801.13
801.33
801.51
801.6
801.602
801.546
801.465
801.389
801.347
801.373
801.498
801.753
802.154
802.614
802.996
803.162
802.978
802.308
801.047
799.326
797.378
795.438
793.742
792.523
791.973
791.977
792.28
792.629
792.777
792.484
791.549
790.053
788.204
786.208
784.275
782.611
781.4
780.651
780.289
780.244
780.445
780.817
781.29
781.791
782.249
782.596
782.816
782.904
782.865
782.698
782.403
781.987
781.499
781.01
780.589
780.304
780.228
780.428
780.974
781.936
783.363
785.142
787.093
789.031
790.774
792.139
792.967
793.303
793.281
793.033
792.694
792.398
792.26
792.266
792.34
792.413
792.49
792.609
792.794
793.01
793.183
793.245
793.125
792.752
792.07
791.112
789.954
788.671
787.338
786.031
784.825
783.795
783.017
782.552
782.369
782.396
782.559
782.786
783.007
783.153
783.219
783.23
783.203
783.164
783.131
783.127
783.176
783.296
783.501
783.744
783.949
784.041
783.945
783.585
782.898
781.918
780.725
779.395
778.008
776.641
775.373
774.281
773.443
772.926
772.7
772.693
772.833
773.052
773.275
773.439
773.53
773.556
773.527
773.453
773.34
773.204
773.109
773.141
773.347
773.511
773.294
772.401
770.9
769.012
766.967
764.987
763.303
762.11
761.41
761.114
761.134
761.379
761.763
762.194
762.587
762.849
762.912
762.819
762.674
762.575
762.624
762.923
763.554
764.495
765.667
766.996
768.404
769.815
771.151
772.338
773.3
773.966
774.351
774.498
774.451
774.255
773.955
773.593
773.185
772.737
772.256
771.748
771.219
770.674
770.121
769.566
769.013
768.47
767.942
767.436
766.958
766.513
766.108
765.75
765.444
765.195
765.01
764.897
764.857
764.863
764.882
764.876
764.837
764.76
764.646
764.521
764.415
764.363
764.397
764.549
764.845
765.242
765.669
766.053
766.323
766.407
766.234
765.731
764.827
763.473
761.759
759.852
757.911
756.099
754.576
753.485
752.819
752.509
752.483
752.67
752.999
753.399
753.797
754.124
754.317
754.384
754.365
754.297
754.222
754.176
754.195
754.269
754.37
754.47
754.541
754.556
754.484
754.299
753.973
753.482
752.839
752.071
751.208
750.279
749.311
748.334
747.376
746.465
745.63
744.901
744.303
743.868
743.622
743.595
743.783
743.946
743.734
742.847
741.35
739.471
737.433
735.462
733.786
732.602
731.911
731.625
731.656
731.916
732.315
732.766
733.181
733.47
733.562
733.498
733.372
733.278
733.31
733.562
734.114
734.951
736.011
737.235
738.564
739.934
741.287
742.563
743.701
744.639
745.32
745.685
745.677
745.236
744.306
742.851
741.012
739.011
737.067
735.4
734.233
733.74
733.798
734.142
734.508
734.657
734.359
733.421
731.927
730.083
728.098
726.181
724.538
723.353
722.633
722.301
722.286
722.511
722.902
723.387
723.887
724.331
724.653
724.845
724.928
724.921
724.846
724.722
724.568
724.406
724.254
724.131
724.055
724.046
724.124
724.308
724.615
725.053
725.527
725.902
726.042
725.807
725.062
723.703
721.868
719.808
717.77
716.006
714.762
714.241
714.278
714.548
714.754
714.82
714.768
714.622
714.439
714.292
714.251
714.389
714.776
715.472
716.448
717.636
718.967
720.373
721.785
723.135
724.355
725.374
726.132
726.611
726.818
726.756
726.429
725.844
725.008
723.967
722.78
721.504
720.201
718.928
717.744
716.709
715.881
715.312
714.997
714.904
715.004
715.265
715.656
716.146
716.677
717.183
717.599
717.858
717.895
717.642
717.035
716.008
714.517
712.684
710.703
708.775
707.09
705.85
705.212
705.084
705.255
705.518
705.661
705.476
704.849
704.392
705.037
707.532
711.254
714.963
717.543
718.818
719.046
718.485
717.393
716.027
714.627
713.273
711.979
710.76
709.625
708.591
707.67
706.873
706.216
705.711
705.376
705.229
705.288
705.575
706.106
706.893
707.902
709.076
710.353
711.681
712.997
714.246
715.369
716.308
717.011
717.463
717.661
717.609
717.305
716.752
715.953
714.949
713.793
712.545
711.256
709.985
708.786
707.713
706.824
706.166
705.764
705.619
705.739
706.127
706.79
707.72
708.806
709.894
710.825
711.444
711.595
711.121
709.864
707.671
704.473
700.855
697.69
695.751
695.031
695.171
695.807
696.581
697.129
697.132
696.576
695.582
694.273
692.771
691.199
689.677
688.33
687.281
686.63
686.35
686.354
686.557
686.868
687.203
687.482
687.686
687.822
687.9
687.93
687.917
687.872
687.801
687.714
687.621
687.543
687.506
687.538
687.666
687.916
688.306
688.791
689.298
689.752
690.081
690.208
690.062
689.569
688.653
687.265
685.514
683.586
681.665
679.936
678.583
677.762
677.431
677.457
677.705
678.04
678.329
678.455
678.442
678.379
678.34
678.314
678.248
678.101
677.909
677.743
677.677
677.779
678.122
678.765
679.682
680.804
682.066
683.399
684.738
686.015
687.163
688.114
688.809
689.23
689.383
689.273
688.905
688.282
687.415
686.348
685.144
683.864
682.57
681.323
680.186
679.217
678.48
678.027
677.828
677.822
677.945
678.137
678.333
678.48
678.563
678.597
678.592
678.56
678.511
678.455
678.405
678.372
678.365
678.381
678.411
678.448
678.484
678.509
678.517
678.507
678.485
678.453
678.415
678.376
678.343
678.356
678.471
678.712
678.87
678.636
677.744
676.254
674.384
672.346
670.356
668.627
667.349
666.534
666.115
666.024
666.191
666.548
667.031
667.569
668.094
668.542
668.871
669.045
669.033
668.802
668.32
667.56
666.564
665.396
664.124
662.818
661.542
660.365
659.353
658.574
658.083
657.857
657.836
657.961
658.171
658.407
658.613
658.769
658.869
658.905
658.875
658.771
658.588
658.332
658.009
657.628
657.196
656.721
656.212
655.675
655.119
654.551
653.979
653.411
652.855
652.318
651.809
651.335
650.903
650.522
650.201
649.944
649.762
649.66
649.627
649.648
649.706
649.783
649.863
649.932
649.986
650.027
650.059
650.082
650.103
650.121
650.139
650.161
650.188
650.219
650.25
650.278
650.298
650.309
650.308
650.295
650.277
650.257
650.241
650.232
650.236
650.256
650.298
650.365
650.439
650.498
650.518
650.476
650.348
650.121
649.85
649.62
649.517
649.629
650.042
650.761
651.201
650.515
648.03
644.378
640.781
638.328
637.166
637.014
637.589
638.61
639.793
640.88
641.798
642.559
643.173
643.648
643.995
644.226
644.349
644.376
644.319
644.184
643.983
643.727
643.425
643.09
642.728
642.353
641.975
641.603
641.246
640.917
640.625
640.381
640.193
640.072
640.013
640.002
640.029
640.082
640.15
640.223
640.295
640.368
640.437
640.505
640.57
640.63
640.684
640.732
640.773
640.806
640.833
640.854
640.87
640.882
640.891
640.899
640.912
640.933
640.967
641.016
641.084
641.147
641.173
641.143
641.106
641.147
641.334
641.609
641.861
641.973
641.833
641.326
640.361
639.01
637.42
635.74
634.112
632.688
631.61
631.027
631.084
631.896
633.338
635.186
637.212
639.187
640.886
642.105
642.836
643.162
643.162
642.916
642.506
642.012
641.515
641.095
640.823
640.694
640.672
640.719
640.799
640.873
640.909
640.905
640.874
640.828
640.781
640.745
640.729
640.733
640.739
640.744
640.771
640.856
641.031
641.249
641.433
641.505
641.386
640.998
640.278
639.263
638.042
636.698
635.317
633.984
632.785
631.806
631.13
630.826
630.818
630.968
631.137
631.186
630.978
630.392
629.458
628.271
626.926
625.518
624.142
622.892
621.863
621.152
620.83
620.825
620.993
621.195
621.289
621.131
620.603
619.726
618.585
617.268
615.861
614.453
613.129
611.977
611.084
610.52
610.26
610.229
610.351
610.554
610.764
610.914
610.995
611.023
611.013
610.984
610.95
610.929
610.924
610.94
610.975
611.025
611.078
611.127
611.169
611.21
611.253
611.303
611.363
611.438
611.523
611.611
611.696
611.771
611.826
611.859
611.86
611.823
611.743
611.647
611.565
611.533
611.586
611.758
612.075
612.495
612.947
613.359
613.659
613.778
613.641
613.178
612.318
611.01
609.347
607.494
605.608
603.852
602.385
601.35
600.741
600.484
600.51
600.747
601.124
601.568
602.007
602.372
602.598
602.691
602.688
602.621
602.527
602.441
602.395
602.388
602.402
602.425
602.441
602.434
602.392
602.334
602.29
602.281
602.293
602.29
602.242
602.162
602.088
602.052
602.091
602.239
602.523
602.9
603.304
603.664
603.912
603.976
603.788
603.28
602.38
601.039
599.35
597.471
595.564
593.787
592.297
591.235
590.595
590.305
590.297
590.499
590.84
591.251
591.661
591.997
592.201
592.274
592.25
592.162
592.043
591.925
591.838
591.787
591.761
591.754
591.756
591.76
591.759
591.756
591.759
591.772
591.783
591.768
591.711
591.628
591.553
591.519
591.564
591.715
592.002
592.383
592.788
593.148
593.395
593.458
593.269
592.757
591.854
590.51
588.819
586.941
585.034
583.261
581.779
580.73
580.104
579.833
579.844
580.065
580.425
580.853
581.276
581.624
581.834
581.909
581.885
581.794
581.673
581.556
581.473
581.429
581.416
581.425
581.449
581.482
581.512
581.533
581.538
581.519
581.483
581.441
581.402
581.381
581.386
581.427
581.492
581.558
581.604
581.611
581.556
581.43
581.32
581.356
581.619
581.857
581.663
580.692
579.042
577.013
574.904
573.017
571.647
571.058
571.227
572.008
573.254
574.816
576.551
578.308
579.942
581.304
582.264
582.806
582.969
582.791
582.31
581.566
580.599
579.461
578.21
576.903
575.601
574.358
573.234
572.286
571.572
571.14
570.961
570.976
571.122
571.34
571.568
571.752
571.88
571.961
572.001
572.01
571.998
571.97
571.936
571.904
571.881
571.869
571.866
571.87
571.881
571.895
571.912
571.932
571.953
571.978
572.005
572.036
572.071
572.115
572.173
572.245
572.283
572.219
571.99
571.597
571.062
570.412
569.669
568.86
568.007
567.136
566.273
565.44
564.663
563.965
563.374
562.912
562.603
562.467
562.479
562.594
562.767
562.957
563.115
563.204
563.225
563.201
563.152
563.097
563.059
563.056
563.112
563.247
563.47
563.734
563.965
564.083
564.013
563.677
563.014
562.057
560.885
559.579
558.217
556.878
555.64
554.584
553.786
553.316
553.136
553.171
553.342
553.571
553.779
553.898
553.926
553.89
553.817
553.737
553.675
553.656
553.663
553.669
553.649
553.627
553.653
553.762
553.92
554.056
554.099
553.979
553.625
552.982
552.072
550.964
549.722
548.411
547.098
545.846
544.723
543.792
543.111
542.695
542.535
542.621
542.943
543.495
544.262
545.211
546.3
547.486
548.725
549.974
551.188
552.325
553.342
554.193
554.821
555.157
555.139
554.699
553.773
552.322
550.486
548.491
546.557
544.91
543.773
543.322
543.374
543.596
543.686
543.622
543.507
543.429
543.404
543.416
543.445
543.475
543.486
543.466
543.416
543.352
543.288
543.238
543.213
543.232
543.305
543.447
543.665
543.908
544.099
544.165
544.025
543.608
542.847
541.789
540.522
539.135
537.718
536.361
535.153
534.184
533.541
533.296
533.36
533.577
533.789
533.838
533.565
532.858
531.927
531.126
530.812
531.341
533.07
536.215
539.973
543.068
544.409
544.287
543.608
543.186
543.161
543.374
543.664
543.869
543.828
543.4
542.602
541.523
540.249
538.868
537.469
536.139
534.968
534.041
533.435
533.141
533.107
533.286
533.629
534.083
534.603
535.132
535.618
536.004
536.24
536.268
536.032
535.484
534.563
533.235
531.591
529.781
527.95
526.251
524.833
523.824
523.218
522.95
522.952
523.159
523.502
523.915
524.332
524.684
524.914
525.025
525.048
525.014
524.952
524.896
524.871
524.876
524.897
524.917
524.923
524.898
524.836
524.794
524.856
525.07
525.228
525.005
524.125
522.651
520.8
518.792
516.842
515.171
513.969
513.242
512.913
512.9
513.127
513.51
513.975
514.437
514.821
515.056
515.145
515.124
515.028
514.896
514.76
514.657
514.588
514.55
514.534
514.537
514.55
514.568
514.585
514.593
514.587
514.569
514.543
514.512
514.481
514.453
514.432
514.419
514.411
514.41
514.413
514.419
514.427
514.436
514.446
514.455
514.462
514.466
514.467
514.462
514.451
514.434
514.415
514.4
514.394
514.405
514.439
514.497
514.559
514.592
514.575
514.545
514.573
514.718
514.935
515.142
515.251
515.182
514.847
514.176
513.205
512.015
510.693
509.32
507.979
506.757
505.734
504.994
504.606
504.516
504.619
504.813
504.989
505.044
504.888
504.559
504.147
503.742
503.439
503.326
503.496
504.039
505.049
506.588
508.517
510.602
512.611
514.309
515.461
515.87
515.571
514.716
513.452
511.928
510.294
508.695
507.282
506.203
505.581
505.372
505.448
505.69
505.971
506.17
506.182
506.047
505.877
505.777
505.856
506.22
506.897
507.32
506.663
504.266
500.734
497.232
494.805
493.611
493.41
493.96
495.021
496.352
497.733
499.083
500.385
501.625
502.786
503.856
504.817
505.656
506.355
506.899
507.271
507.449
507.412
507.141
506.614
505.817
504.796
503.614
502.339
501.038
499.776
498.623
497.642
496.9
496.453
496.269
496.279
496.411
496.594
496.759
496.842
496.845
496.796
496.723
496.656
496.621
496.65
496.77
497.01
497.384
497.804
498.138
498.252
498.013
497.289
495.977
494.211
492.231
490.276
488.584
487.396
486.902
486.94
487.195
487.38
487.434
487.402
487.325
487.237
487.176
487.172
487.26
487.474
487.839
488.305
488.798
489.239
489.549
489.653
489.471
488.926
487.939
486.46
484.624
482.651
480.764
479.184
478.131
477.794
478.135
479.014
480.286
481.814
483.455
485.068
486.51
487.642
488.34
488.639
488.639
488.443
488.153
487.87
487.686
487.609
487.612
487.666
487.742
487.812
487.85
487.854
487.83
487.79
487.767
487.805
487.936
488.122
488.287
488.359
488.265
487.928
487.289
486.38
485.271
484.038
482.753
481.489
480.32
479.318
478.557
478.098
477.912
477.932
478.089
478.316
478.546
478.714
478.814
478.854
478.851
478.815
478.759
478.694
478.633
478.59
478.574
478.583
478.611
478.649
478.689
478.724
478.746
478.756
478.756
478.75
478.741
478.731
478.723
478.72
478.727
478.743
478.754
478.738
478.676
478.591
478.513
478.479
478.523
478.68
478.973
479.321
479.6
479.685
479.453
478.779
477.566
475.922
474.045
472.133
470.383
468.995
468.138
467.773
467.769
467.991
468.311
468.592
468.722
468.716
468.647
468.58
468.532
468.494
468.46
468.429
468.4
468.376
468.357
468.344
468.337
468.337
468.34
468.346
468.352
468.356
468.358
468.354
468.345
468.328
468.304
468.276
468.247
468.221
468.201
468.187
468.18
468.178
468.182
468.188
468.195
468.203
468.205
468.2
468.18
468.139
468.07
467.968
467.856
467.768
467.739
467.803
467.994
468.335
468.739
469.079
469.221
469.034
468.389
467.184
465.53
463.637
461.714
459.969
458.61
457.814
457.537
457.629
457.945
458.333
458.649
458.767
458.737
458.69
458.732
458.821
458.847
458.719
458.487
458.266
458.172
458.322
458.829
459.786
461.123
462.696
464.361
465.973
467.39
468.466
469.057
469.02
468.24
466.839
465.042
463.075
461.165
459.538
458.396
457.758
457.568
457.763
458.287
459.08
460.017
460.486
459.653
456.899
453.153
450.031
448.948
449.855
452.052
454.837
457.503
459.348
459.761
458.845
457.023
454.721
452.362
450.374
449.127
448.609
448.634
449.015
449.572
450.116
450.482
450.657
450.691
450.642
450.561
450.502
450.51
450.569
450.633
450.667
450.693
450.763
450.917
451.116
451.286
451.354
451.247
450.893
450.229
449.288
448.144
446.87
445.54
444.23
443.011
441.957
441.143
440.629
440.39
440.357
440.466
440.647
440.835
440.969
441.037
441.051
441.024
440.965
440.884
440.8
440.762
440.834
441.05
441.205
440.983
440.119
438.675
436.867
434.907
433.007
431.38
430.215
429.517
429.209
429.213
429.45
429.844
430.316
430.788
431.183
431.433
431.545
431.557
431.509
431.442
431.395
431.401
431.449
431.507
431.544
431.527
431.425
431.216
430.957
430.74
430.656
430.796
431.25
432.076
433.062
433.871
434.173
433.629
431.906
428.805
425.114
422.066
420.715
420.807
421.498
422.017
422.198
422.144
421.963
421.759
421.64
421.695
421.876
422.079
422.196
422.125
421.758
421.069
420.634
421.304
423.748
427.326
430.816
433.123
434.127
434.141
433.485
432.478
431.435
430.645
430.162
429.937
429.92
430.061
430.309
430.615
430.93
431.201
431.386
431.481
431.502
431.462
431.38
431.271
431.147
431.026
430.921
430.848
430.821
430.855
430.962
431.16
431.461
431.869
432.3
432.627
432.728
432.475
431.747
430.448
428.712
426.772
424.865
423.221
422.077
421.618
421.668
421.89
421.986
421.952
421.921
422.006
422.186
422.375
422.491
422.449
422.166
421.571
420.689
419.59
418.344
417.02
415.689
414.418
413.278
412.339
411.662
411.261
411.123
411.238
411.593
412.18
412.982
413.967
415.087
416.3
417.56
418.823
420.043
421.178
422.18
423.005
423.597
423.898
423.847
423.388
422.458
421.026
419.229
417.287
415.416
413.833
412.755
412.352
412.449
412.717
412.86
412.848
412.776
412.726
412.716
412.738
412.782
412.838
412.897
412.949
412.991
413.026
413.052
413.069
413.078
413.079
413.072
413.057
413.036
413.017
413.009
413.026
413.076
413.173
413.321
413.506
413.698
413.87
413.993
414.039
413.981
413.789
413.436
412.899
412.194
411.357
410.421
409.422
408.393
407.369
406.385
405.475
404.675
404.017
403.536
403.26
403.16
403.184
403.276
403.386
403.459
403.45
403.376
403.278
403.201
403.189
403.284
403.52
403.862
404.238
404.582
404.823
404.894
404.724
404.246
403.39
402.108
400.489
398.686
396.85
395.135
393.693
392.658
392.024
391.727
391.698
391.871
392.18
392.557
392.938
393.256
393.45
393.522
393.504
393.422
393.305
393.182
393.08
393.003
392.951
392.92
392.909
392.914
392.933
392.965
393.005
393.051
393.097
393.128
393.135
393.109
393.036
392.908
392.725
392.493
392.214
391.894
391.536
391.144
390.725
390.281
389.818
389.339
388.85
388.354
387.854
387.358
386.869
386.39
385.927
385.484
385.064
384.673
384.315
383.995
383.716
383.483
383.3
383.172
383.104
383.085
383.104
383.153
383.218
383.287
383.35
383.406
383.455
383.501
383.544
383.587
383.629
383.675
383.725
383.782
383.844
383.914
383.989
384.069
384.155
384.245
384.337
384.431
384.524
384.613
384.697
384.772
384.837
384.889
384.93
384.957
384.977
384.994
385.014
385.038
385.073
385.117
385.171
385.231
385.298
385.371
385.448
385.528
385.609
385.692
385.773
385.851
385.925
385.993
386.051
386.101
386.14
386.169
386.19
386.203
386.208
386.206
386.204
386.206
386.221
386.261
386.334
386.449
386.586
386.71
386.79
386.792
386.682
386.433
386.047
385.547
384.948
384.273
383.54
382.77
381.982
381.193
380.426
379.699
379.032
378.444
377.954
377.583
377.346
377.233
377.222
377.291
377.42
377.585
377.765
377.937
378.081
378.178
378.229
378.249
378.251
378.246
378.248
378.27
378.31
378.367
378.435
378.512
378.593
378.673
378.75
378.819
378.878
378.927
378.971
379.014
379.06
379.112
379.174
379.24
379.306
379.361
379.401
379.415
379.401
379.385
379.403
379.484
379.6
379.694
379.718
379.686
379.637
379.614
379.656
379.804
380.089
380.473
380.884
381.251
381.503
381.569
381.379
380.86
379.942
378.575
376.869
375
373.149
371.494
370.214
369.46
369.182
369.24
369.489
369.789
369.996
369.997
369.887
369.849
370.029
370.203
369.993
369.07
367.509
365.565
363.493
361.55
359.991
359.038
358.659
358.705
359.033
359.495
359.944
360.237
360.224
359.76
358.728
357.221
355.427
353.533
351.725
350.192
349.097
348.44
348.15
348.154
348.378
348.75
349.196
349.644
350.02
350.26
350.366
350.372
350.308
350.206
350.099
350.014
349.958
349.925
349.909
349.908
349.916
349.926
349.934
349.934
349.924
349.904
349.876
349.846
349.817
349.792
349.775
349.765
349.762
349.766
349.773
349.786
349.798
349.805
349.793
349.756
349.702
349.65
349.618
349.605
349.606
349.617
349.63
349.641
349.644
349.637
349.625
349.607
349.586
349.563
349.541
349.518
349.5
349.486
349.477
349.472
349.474
349.48
349.493
349.512
349.532
349.551
349.563
349.564
349.55
349.516
349.458
349.371
349.255
349.129
349.026
348.975
349.009
349.159
349.445
349.829
350.245
350.623
350.895
350.993
350.851
350.398
349.569
348.312
346.72
344.947
343.146
341.47
340.074
339.092
338.517
338.282
338.315
338.549
338.911
339.332
339.744
340.075
340.269
340.355
340.406
340.482
340.584
340.678
340.734
340.719
340.602
340.355
339.982
339.501
338.932
338.291
337.597
336.869
336.125
335.383
334.659
333.975
333.348
332.795
332.336
331.988
331.766
331.658
331.646
331.707
331.82
331.962
332.113
332.251
332.355
332.406
332.413
332.393
332.365
332.348
332.362
332.42
332.514
332.627
332.736
332.824
332.871
332.856
332.762
332.568
332.266
331.925
331.656
331.565
331.759
332.346
333.413
334.879
336.597
338.413
340.18
341.745
342.927
343.319
342.409
339.829
336.25
332.811
330.531
329.518
329.46
330.048
330.97
331.914
332.602
332.986
333.126
333.077
332.901
332.655
332.397
332.186
332.081
332.127
332.274
332.432
332.508
332.41
332.046
331.341
330.331
329.103
327.746
326.349
324.996
323.777
322.78
322.092
321.783
321.777
321.94
322.135
322.225
322.074
321.562
320.713
319.608
318.334
316.974
315.612
314.333
313.221
312.359
311.819
311.573
311.545
311.664
311.856
312.047
312.172
312.22
312.207
312.149
312.06
311.955
311.852
311.809
311.893
312.139
312.314
312.061
311.08
309.472
307.516
305.491
303.675
302.348
301.753
301.873
302.575
303.727
305.194
306.843
308.542
310.155
311.549
312.602
313.27
313.541
313.409
312.86
311.89
310.5
308.806
306.969
305.151
303.514
302.22
301.406
301.044
301.024
301.241
301.585
301.952
302.243
302.427
302.502
302.47
302.33
302.08
301.728
301.318
300.908
300.562
300.342
300.306
300.519
301.04
301.932
303.237
304.867
306.666
308.483
310.164
311.558
312.53
313.092
313.321
313.291
313.079
312.764
312.418
312.12
311.945
311.956
312.103
312.293
312.431
312.42
312.166
311.589
310.714
309.62
308.382
307.077
305.783
304.575
303.532
302.726
302.226
302.004
301.991
302.125
302.337
302.563
302.738
302.855
302.92
302.944
302.935
302.903
302.86
302.837
302.876
303.01
303.22
303.462
303.692
303.87
303.948
303.886
303.64
303.164
302.428
301.464
300.338
299.116
297.862
296.642
295.522
294.564
293.837
293.394
293.204
293.205
293.33
293.514
293.693
293.806
293.845
293.822
293.752
293.647
293.521
293.389
293.261
293.153
293.077
293.048
293.076
293.178
293.365
293.651
294.043
294.498
294.951
295.335
295.588
295.642
295.431
294.893
293.959
292.586
290.882
289.014
287.162
285.493
284.183
283.378
283.041
283.05
283.282
283.616
283.927
284.11
284.163
284.133
284.07
284.035
284.093
284.295
284.579
284.832
284.942
284.795
284.277
283.299
281.936
280.342
278.667
277.065
275.685
274.678
274.197
274.393
275.381
277.001
278.968
280.997
282.802
284.096
284.63
284.431
283.647
282.428
280.921
279.276
277.642
276.168
275.002
274.272
273.95
273.936
274.133
274.443
274.764
275.013
275.169
275.248
275.266
275.239
275.181
275.106
275.034
274.977
274.949
274.946
274.959
274.975
274.984
274.974
274.938
274.878
274.804
274.726
274.652
274.592
274.556
274.552
274.592
274.684
274.836
275.061
275.356
275.663
275.896
275.966
275.784
275.265
274.338
273.074
271.603
270.054
268.561
267.251
266.258
265.709
265.737
266.446
267.741
269.438
271.351
273.295
275.085
276.551
277.648
278.385
278.773
278.822
278.543
277.941
277.033
275.824
274.336
272.656
270.899
269.182
267.622
266.335
265.423
264.875
264.63
264.626
264.802
265.096
265.448
265.795
266.076
266.238
266.288
266.255
266.173
266.072
265.986
265.942
265.941
265.97
266.017
266.068
266.112
266.138
266.142
266.125
266.091
266.07
266.102
266.22
266.383
266.521
266.563
266.44
266.078
265.421
264.498
263.38
262.137
260.84
259.561
258.368
257.333
256.526
256.007
255.754
255.706
255.806
255.995
256.214
256.41
256.564
256.674
256.738
256.755
256.721
256.637
256.497
256.301
256.054
255.808
255.633
255.602
255.789
256.265
257.07
258.005
258.762
259.032
258.507
256.879
253.964
250.51
247.671
246.436
246.567
247.282
247.869
248.157
248.216
248.12
247.94
247.752
247.617
247.55
247.539
247.573
247.639
247.727
247.822
247.917
247.997
248.054
248.089
248.11
248.123
248.134
248.152
248.184
248.225
248.271
248.316
248.354
248.378
248.384
248.367
248.318
248.236
248.142
248.066
248.039
248.092
248.255
248.551
248.94
249.353
249.722
249.98
250.058
249.886
249.399
248.528
247.223
245.587
243.789
241.998
240.379
239.102
238.311
237.973
237.97
238.192
238.522
238.846
239.064
239.168
239.194
239.177
239.159
239.181
239.273
239.42
239.576
239.699
239.742
239.665
239.432
239.085
238.697
238.344
238.099
238.034
238.227
238.75
239.677
241.063
242.798
244.71
246.615
248.34
249.701
250.548
250.915
250.922
250.688
250.331
249.975
249.724
249.6
249.587
249.663
249.812
250.014
250.248
250.466
250.612
250.626
250.453
250.033
249.32
248.348
247.19
245.917
244.6
243.312
242.124
241.108
240.336
239.866
239.67
239.674
239.809
240.005
240.188
240.298
240.327
240.298
240.231
240.147
240.065
240.008
239.996
240.049
240.181
240.351
240.488
240.525
240.395
240.029
239.373
238.456
237.348
236.122
234.846
233.591
232.427
231.424
230.654
230.173
229.958
229.946
230.072
230.276
230.492
230.663
230.779
230.849
230.883
230.889
230.877
230.855
230.835
230.823
230.83
230.855
230.898
230.955
231.022
231.099
231.183
231.265
231.339
231.395
231.422
231.414
231.37
231.336
231.383
231.554
231.681
231.504
230.794
229.573
227.975
226.13
224.175
222.242
220.45
218.838
217.403
216.144
215.058
214.145
213.402
212.828
212.422
212.177
212.07
212.069
212.135
212.237
212.341
212.416
212.454
212.463
212.45
212.417
212.372
212.321
212.269
212.221
212.183
212.154
212.132
212.113
212.094
212.071
212.042
212.01
211.972
211.933
211.894
211.857
211.824
211.796
211.776
211.765
211.761
211.763
211.767
211.772
211.773
211.77
211.765
211.76
211.757
211.759
211.77
211.79
211.802
211.783
211.714
211.637
211.618
211.71
211.876
212.04
212.12
212.04
211.723
211.103
210.209
209.114
207.892
206.612
205.351
204.177
203.165
202.386
201.903
201.687
201.676
201.805
202.01
202.225
202.392
202.501
202.561
202.581
202.57
202.538
202.496
202.451
202.415
202.394
202.389
202.394
202.401
202.409
202.41
202.401
202.381
202.354
202.325
202.294
202.268
202.247
202.241
202.256
202.299
202.354
202.403
202.423
202.414
202.387
202.348
202.307
202.269
202.244
202.231
202.228
202.233
202.241
202.252
202.26
202.265
202.265
202.254
202.235
202.211
202.183
202.152
202.123
202.095
202.073
202.06
202.058
202.073
202.108
202.161
202.222
202.271
202.288
202.254
202.147
201.959
201.735
201.553
201.486
201.61
202
202.656
203.027
202.319
199.9
196.398
193.013
190.812
189.894
189.929
190.589
191.545
192.465
193.057
193.295
193.278
193.098
192.855
192.645
192.551
192.556
192.606
192.646
192.655
192.627
192.559
192.471
192.397
192.367
192.413
192.568
192.854
193.235
193.643
194.015
194.281
194.376
194.235
193.791
192.978
191.748
190.189
188.45
186.68
185.029
183.645
182.66
182.069
181.806
181.807
182.008
182.343
182.748
183.158
183.506
183.738
183.855
183.884
183.853
183.79
183.722
183.677
183.658
183.66
183.678
183.709
183.746
183.786
183.824
183.853
183.872
183.88
183.88
183.875
183.867
183.859
183.854
183.851
183.851
183.853
183.855
183.857
183.86
183.861
183.859
183.853
183.85
183.855
183.877
183.912
183.95
183.984
184.007
184.007
183.981
183.933
183.876
183.819
183.776
183.758
183.777
183.844
183.971
184.162
184.374
184.542
184.598
184.476
184.111
183.447
182.519
181.397
180.155
178.864
177.595
176.421
175.414
174.646
174.176
173.975
173.977
174.109
174.305
174.493
174.613
174.66
174.655
174.617
174.568
174.529
174.516
174.521
174.525
174.508
174.465
174.394
174.298
174.197
174.121
174.097
174.156
174.326
174.628
175.022
175.438
175.811
176.07
176.148
175.974
175.484
174.606
173.294
171.648
169.838
168.031
166.397
165.104
164.296
163.94
163.927
164.147
164.49
164.843
165.109
165.262
165.312
165.271
165.148
164.952
164.698
164.441
164.251
164.196
164.35
164.781
165.484
165.905
165.244
162.867
159.394
156.019
153.802
152.859
152.861
153.485
154.407
155.299
155.873
156.102
156.084
155.91
155.675
155.473
155.387
155.396
155.438
155.457
155.451
155.444
155.457
155.492
155.544
155.604
155.667
155.727
155.777
155.817
155.848
155.869
155.883
155.89
155.893
155.892
155.886
155.877
155.871
155.864
155.862
155.867
155.881
155.905
155.937
155.97
156
156.021
156.027
156.014
155.974
155.902
155.8
155.689
155.611
155.605
155.708
155.961
156.384
156.877
157.284
157.448
157.213
156.421
154.958
153.011
150.903
148.962
147.511
146.874
147.319
148.683
150.613
152.755
154.755
156.259
156.955
156.855
156.118
154.902
153.367
151.672
149.975
148.435
147.212
146.441
146.092
146.06
146.24
146.53
146.822
147.023
147.122
147.142
147.107
147.043
146.976
146.929
146.927
146.996
147.151
147.348
147.516
147.583
147.476
147.124
146.467
145.537
144.408
143.153
141.846
140.559
139.367
138.341
137.555
137.072
136.862
136.858
136.99
137.193
137.396
137.54
137.617
137.642
137.634
137.608
137.582
137.57
137.571
137.577
137.58
137.581
137.578
137.576
137.574
137.572
137.572
137.572
137.577
137.584
137.592
137.6
137.608
137.613
137.615
137.612
137.601
137.582
137.556
137.522
137.489
137.459
137.438
137.431
137.44
137.465
137.496
137.528
137.553
137.564
137.556
137.52
137.45
137.343
137.22
137.114
137.06
137.09
137.239
137.525
137.872
138.16
138.269
138.079
137.469
136.346
134.808
133.039
131.227
129.555
128.209
127.347
126.947
126.898
127.094
127.425
127.786
128.076
128.275
128.392
128.438
128.428
128.369
128.276
128.157
128.025
127.894
127.78
127.707
127.695
127.768
127.948
128.247
128.63
129.03
129.385
129.628
129.697
129.527
129.055
128.217
126.966
125.39
123.638
121.857
120.197
118.803
117.807
117.202
116.925
116.91
117.094
117.412
117.798
118.19
118.522
118.737
118.832
118.831
118.753
118.623
118.462
118.293
118.133
117.995
117.896
117.85
117.871
117.976
118.179
118.496
118.929
119.393
119.765
119.918
119.727
119.068
117.846
116.188
114.322
112.476
110.879
109.755
109.29
109.327
109.562
109.714
109.726
109.632
109.473
109.299
109.172
109.149
109.286
109.646
110.273
111.144
112.199
113.376
114.617
115.861
117.048
118.118
119.012
119.672
120.085
120.253
120.176
119.858
119.3
118.51
117.529
116.416
115.226
114.018
112.85
111.779
110.862
110.157
109.712
109.506
109.485
109.596
109.786
110.004
110.198
110.353
110.466
110.534
110.553
110.521
110.436
110.295
110.094
109.838
109.579
109.395
109.362
109.554
110.05
110.891
111.868
112.661
112.946
112.403
110.711
107.675
104.059
101.056
99.6938
99.7585
100.485
101.173
101.606
101.783
101.707
101.376
100.792
99.9615
98.9296
97.7562
96.5035
95.2339
94.0085
92.8892
91.9368
91.2139
90.7701
90.5794
90.5773
90.7012
90.8866
91.0703
91.1969
91.2562
91.2647
91.2345
91.18
91.1143
91.0507
90.9973
90.9591
90.9406
90.9395
90.9506
90.9713
90.9978
91.028
91.056
91.0809
91.0989
91.1058
91.1037
91.0936
91.0772
91.056
91.0317
91.0063
90.9808
90.9575
90.9379
90.921
90.9014
90.8802
90.8521
90.8156
90.769
90.7171
90.6689
90.6318
90.6165
90.6281
90.6763
90.7701
90.9178
91.1207
91.3357
91.5009
91.5528
91.4289
91.0645
90.4089
89.4938
88.3919
87.173
85.9094
84.6723
83.5317
82.5606
81.8287
81.3969
81.2318
81.2641
81.4229
81.6366
81.8329
81.9515
81.9891
81.9732
81.9282
81.8832
81.8626
81.888
81.9451
82.0023
82.0309
82.0324
82.015
81.9906
81.9637
81.9356
81.9081
81.8848
81.8673
81.8557
81.8509
81.852
81.8562
81.8621
81.8679
81.871
81.871
81.8658
81.8536
81.8382
81.8266
81.8213
81.8298
81.8557
81.9039
81.9684
82.0367
82.0986
82.1415
82.1547
82.1261
82.0462
81.9007
81.6885
81.4599
81.2884
81.2498
81.4207
81.8753
82.6744
83.7709
85.0661
86.4615
87.8597
89.1634
90.2712
91.0873
91.5121
91.4617
90.9565
90.0599
88.8414
87.3663
85.7003
83.9112
82.0653
80.227
78.4653
76.8451
75.4314
74.2933
73.4943
73.102
73.1427
73.3442
73.2976
72.6473
71.4086
69.7614
67.8883
65.9695
64.1858
62.7024
61.5493
60.6979
60.1206
59.7864
59.6691
59.7388
59.967
60.325
60.7861
61.3195
61.8968
62.4905
63.0711
63.6104
64.0827
64.4827
64.8139
65.0813
65.2905
65.4421
65.5441
65.5991
65.6118
65.5859
65.5251
65.4353
65.3201
65.1827
65.03
64.8631
64.6882
64.5091
64.3305
64.1562
63.9892
63.8365
63.6997
63.5856
63.4958
63.4303
63.387
63.3637
63.3569
63.3632
63.3822
63.4097
63.443
63.4815
63.5201
63.5587
63.592
63.6221
63.6479
63.6691
63.687
63.7018
63.7119
63.7187
63.7224
63.7224
63.7193
63.7145
63.7055
63.6939
63.6807
63.6649
63.6479
63.6295
63.6099
63.5898
63.5692
63.5497
63.5317
63.5201
63.5191
63.5296
63.5571
63.6036
63.6617
63.7209
63.7689
63.7953
63.7879
63.7378
63.6337
63.4615
63.2142
62.8915
62.499
62.0389
61.5197
60.9451
60.3197
59.6485
58.9367
58.1885
57.4097
56.6066
55.7815
54.9411
54.0902
53.2442
52.51
52.0319
51.9565
52.4282
53.5914
55.5418
57.9873
60.4697
62.527
63.6955
63.5132
61.6269
58.4625
54.8049
51.3712
48.3707
45.7829
43.5885
41.7621
40.2844
39.1331
38.2877
37.7269
37.4271
37.3702
37.533
37.8945
38.4342
39.1295
39.9597
40.9038
41.9408
43.0475
44.2055
45.3931
46.5862
47.7661
48.9099
49.9977
51.0077
51.9179
52.709
53.356
53.8406
54.1446
54.2887
54.3056
54.2306
54.0992
53.9456
53.8026
53.6785
53.5724
53.4827
53.4104
53.3524
53.308
53.2774
53.2579
53.2494
53.2505
53.261
53.2795
53.3043
53.3334
53.3692
53.4078
53.4489
53.4912
53.5355
53.5777
53.6194
53.6579
53.6933
53.7234
53.7482
53.7651
53.7762
53.7772
53.7709
53.7545
53.7313
53.7049
53.6754
53.6479
53.6252
53.6083
53.5972
53.592
53.5914
53.5946
53.5999
53.6062
53.6136
53.6194
53.6247
53.6273
53.6284
53.6284
53.6279
53.6257
53.6247
53.6226
53.6215
53.6194
53.6199
53.621
53.6226
53.6257
53.6279
53.6284
53.6273
53.6221
53.6136
53.6036
53.5946
53.5914
53.5967
53.6157
53.6479
53.687
53.7192
53.7313
53.7097
53.6411
53.5191
53.3735
53.2542
53.2109
53.2917
53.5455
54.0153
54.684
55.5086
56.4467
57.4566
58.4947
59.5197
60.4877
61.357
62.0843
62.6274
62.9443
62.9982
62.8022
62.3918
61.8012
61.0676
60.2236
59.3053
58.3479
57.387
56.4562
55.5925
54.8297
54.2021
53.7456
53.4954
53.4748
53.6136
53.8047
53.9356
53.8981
53.5835
52.9143
52.0762
51.3665
51.0889
51.5417
53.0278
55.7408
59.102
62.1773
64.1324
64.8557
64.564
63.4763
61.8123
59.7906
57.6314
55.5518
53.7735
52.4852
51.6952
51.3195
51.2784
51.491
51.8768
52.3538
52.842
53.2595
53.5371
53.6743
53.7049
53.6616
53.5793
53.489
53.4231
53.3851
53.3677
53.365
53.3708
53.3772
53.3772
53.3661
53.3355
53.2795
53.1993
53.0964
52.9739
52.8351
52.6821
52.5185
52.3454
52.1665
51.985
51.8029
51.6224
51.4478
51.2821
51.1253
50.9818
50.8546
50.7459
50.6589
50.5961
50.5597
50.5533
50.5792
50.6409
50.7391
50.8784
51.0604
51.2889
51.566
51.8947
52.2778
52.7169
53.2157
53.7767
54.3927
55.0572
55.7604
56.4931
57.2486
58.0168
58.7888
59.5582
60.3134
61.047
61.7516
62.4176
63.0357
63.5983
64.0965
64.5212
64.8652
65.1177
65.272
65.3185
65.2482
65.0533
64.7252
64.2555
63.6342
62.854
61.9116
60.8341
59.6691
58.4588
57.2502
56.0856
55.0102
54.0712
53.3085
52.7639
52.4261
52.2625
52.242
52.3301
52.4974
52.7101
52.9354
53.1428
53.3022
53.4099
53.4722
53.4964
53.4917
53.4611
53.4157
53.3587
53.3012
53.2463
53.2046
53.1808
53.1819
53.2093
53.2637
53.3402
53.441
53.5629
53.7081
53.8712
54.0543
54.256
54.4734
54.7083
54.9575
55.2209
55.4969
55.7852
56.0845
56.3928
56.7117
57.0364
57.3685
57.7074
58.0501
58.397
58.7461
59.0972
59.4494
59.8011
60.1502
60.4982
60.8421
61.1811
61.5149
61.843
62.1636
62.4747
62.7721
63.023
63.1825
63.2031
63.0404
62.648
61.9877
61.0766
59.9569
58.6727
57.2639
55.7752
54.2491
52.7264
51.2499
49.8637
48.6091
47.5282
46.6637
46.0582
45.7539
45.7924
46.217
47.0704
48.395
50.2331
52.6272
55.5825
58.8247
61.9486
64.5899
66.6601
68.1953
69.2349
69.8169
69.9813
69.7661
69.208
68.3486
67.225
65.8765
64.3411
62.6585
60.8674
59.0053
57.1119
55.2267
53.3861
51.6261
49.9577
48.3765
46.8837
45.4754
44.1517
42.9088
41.7473
40.6639
39.6576
38.7268
37.8692
37.0845
36.3689
35.7218
35.1427
34.6285
34.1775
33.7887
33.4599
33.1897
32.9763
32.8188
32.715
32.6629
32.6608
32.7071
32.802
32.9405
33.1244
33.3488
33.6143
33.9188
34.2597
34.6364
35.0474
35.4905