0 25.599
0.083 618.16
0.115 1564.2
0.148 2459
0.179 2966.1
0.211 3128.6
0.243 3102.8
0.275 3154.2
0.307 2981.4
0.339 2970.5
0.371 2906.6
0.404 2878.1
0.435 2784.4
0.515 2687.4
0.548 2630.3
0.579 2543.8
0.611 2477
0.643 2389.7
0.675 2312.3
0.707 2306.5
0.739 2286.1
0.771 2239
0.804 2212.7
0.835 2180.7
0.867 2139.7
0.899 2097.6
0.979 2041.2
1.011 2000.7
1.047 2015
1.079 1973.1
1.111 1950.1
1.143 1941.7
1.175 1916.6
1.207 1890.1
1.239 1907.3
1.271 1879.8
1.303 1871.9
1.335 1879.5
1.367 1881.4
1.447 1858.3
1.479 1866.3
1.511 1863.9
1.543 1797.2
1.575 1808.7
1.607 1902.5
1.639 1835
1.671 1825.5
1.703 1790.2
1.735 1783.3
1.767 1773.5
1.799 1740.7
1.831 1782.8
1.908 1613.5
1.94 1576.4
1.972 1471.7
2.004 1361.1
2.036 1287.4
2.068 1234.9
2.1 1210.1
2.132 1157.8
2.164 1115.8
2.196 1080.2
2.228 1054.1
2.26 1027.7
2.384 959.88
2.416 941.53
2.449 928.49
2.481 912.55
2.513 900.23
2.545 891.46
2.577 873.51
2.609 859.66
2.641 847.1
2.673 835.35
2.705 819.57
2.737 807.9
2.769 799.69
2.849 768.86
2.881 758.95
2.913 747.52
2.945 734.64
2.977 722.65
3.009 715.32
3.041 700.35
3.073 692.22
3.105 682.4
3.137 672.17
3.169 663.8
3.201 648.75
3.233 643.68
3.313 621.38
3.345 613.41
3.377 604.15
3.409 597.15
3.441 590.31
3.473 580.57
3.505 570.91
3.537 563.98
3.569 556.98
3.601 550.54
3.633 542.73
3.665 535.08
3.697 528.32
3.777 513.11
3.809 500.55
3.841 496.04
3.873 491.05
3.905 482.68
3.937 474.23
3.969 471.17
4.001 458.85
4.033 457.8
4.065 447.98
4.097 443.15
4.129 439.13
4.161 429.23
4.241 415.62
4.273 407.09
4.305 403.63
4.337 394.61
4.369 390.51
4.401 386.08
4.433 377.87
4.465 373.68
4.498 371.67
4.529 359.92
4.561 354.68
4.593 349.61
4.673 335.36
4.706 330.86
4.737 323.69
4.769 319.5
4.801 316.69
4.833 309.04
4.865 303.24
4.898 298.49
4.929 293.42
4.961 288.51
4.993 281.99
5.025 276.76
5.057 272.89
5.137 264.76
5.169 256.88
5.201 251.32
5.233 248.75
5.265 243.51
5.298 237.47
5.329 234.42
5.361 230.39
5.393 228.14
5.425 221.38
5.457 219.93
5.489 215.82
5.521 208.5
5.602 199.8
5.633 195.7
5.665 192.56
5.698 188.61
5.729 184.75
5.761 178.47
5.793 175.25
5.825 170.66
5.857 167.44
5.889 166.15
5.921 162.93
5.954 159.23
5.985 156.41
6.066 145.79
6.098 144.09
6.13 139.75
6.162 135.16
6.194 134.35
6.226 128.96
6.258 128.8
6.29 125.98
6.322 122.92
6.354 120.27
6.386 116
6.418 115.03
6.45 112.7
6.53 104.73
6.562 104.73
6.594 98.612
6.626 94.346
6.658 96.037
6.69 91.689
6.722 90.079
6.754 86.055
6.786 85.733
6.818 81.144
6.85 79.534
6.885 76.394
6.965 73.013
6.997 72.45
7.029 69.15
7.061 67.781
7.093 62.388
7.125 61.985
7.157 59.57
7.189 59.57
7.221 56.27
7.254 56.833
7.285 54.016
7.317 53.371
7.349 51.761
7.429 47.334
7.461 47.978
7.493 43.228
7.525 41.618
7.557 38.64
7.589 38.962
7.621 40.008
7.654 39.123
7.685 37.191
7.717 35.098
7.749 34.856
7.781 33.81
7.813 32.12
7.893 29.221
7.925 32.764
7.957 29.302
7.989 30.268
8.024 26.645
8.057 26.645
8.101 26.404
8.159 25.277
