0.005	3051.75500000000
0.00999999999965439	3140.14400000000
0.0149999999997635	2935.35200000000
0.0199999999998727	3094.66150000000
0.0249999999999818 	2904.76200000000
0.0299999999996362	2935.35200000000
0.0349999999997453	3094.66150000000
0.0399999999998545	2904.76200000000
0.0449999999999636	2922.63300000000
0.0500000000000728	2928.99250000000
0.0549999999997271	2943.72400000000
0.0599999999998363	3051.99650000000
0.0649999999999454	3096.91550000000
0.0700000000000546	3159.38350000000
0.074999999999709	2986.95250000000
0.0799999999998181	2908.38450000000
0.0849999999999272	2911.44350000000
0.0900000000000364	3264.75800000000
0.0949999999996908	2973.26750000000
0.0999999999997999	3006.91650000000
0.104999999999909	2909.51150000000
0.110000000000018	2987.35500000000
0.114999999999673	2886.32750000000
0.119999999999782	3072.28250000000
0.124999999999891	2913.69750000000
0.13	2976.72900000000
0.134999999999654	3001.68400000000
0.139999999999764	2961.75600000000
0.144999999999873	2976.16550000000
0.149999999999982	2927.94600000000
0.154999999999636	2957.08700000000
0.159999999999745	2947.10500000000
0.164999999999854	2879.88750000000
0.169999999999964	2959.98500000000
0.175000000000073	2998.06150000000
0.179999999999727	2913.77800000000
0.184999999999836	2892.44550000000
0.189999999999945	2960.70950000000
0.195000000000055	2935.51300000000
0.199999999999709	2917.72250000000
0.204999999999818	2875.37950000000
0.209999999999927	2844.62850000000
0.215000000000036	2903.79600000000
0.219999999999691	2929.95850000000
0.2249999999998	3002.73050000000
0.259999999999654	2833.27800000000
0.264999999999764	2867.89300000000
0.269999999999873	2804.45900000000
0.274999999999982	2803.17100000000
0.279999999999636	2842.37450000000
0.284999999999745	2925.53100000000
0.289999999999854	2845.67500000000
0.294999999999964	2819.19050000000
0.300000000000073	2813.23350000000
0.304999999999727	2799.38750000000
0.309999999999836	2777.73300000000
0.314999999999945	2728.70850000000
0.320000000000055	2680.00600000000
0.324999999999709	2701.09700000000
0.329999999999818	2710.59600000000
0.334999999999927	2742.31300000000
0.340000000000036	2739.01250000000
0.344999999999691	2737.72450000000
0.3499999999998	2737.88550000000
0.354999999999909	2718.32400000000
0.360000000000018	2723.71750000000
0.364999999999673	2745.37200000000
0.369999999999782	2706.08800000000
0.374999999999891	2710.51550000000
0.38	2730.88200000000
0.384999999999654	2696.83050000000
0.389999999999764	2708.90550000000
0.394999999999873	2688.29750000000
0.399999999999982	2688.61950000000
0.404999999999636	2681.29400000000
0.409999999999745	2695.05950000000
0.414999999999854	2670.02400000000
0.419999999999964	2645.79350000000
0.425000000000073	2658.59300000000
0.429999999999727	2652.23350000000
0.434999999999836	2630.49850000000
0.439999999999945	2629.37150000000
0.445000000000055	2638.95100000000
0.449999999999709	2632.26950000000
0.454999999999818	2615.92800000000
0.459999999999927	2596.20550000000
0.465000000000036	2592.34150000000
0.469999999999691	2597.57400000000
0.4749999999998	2559.25600000000
0.479999999999909	2574.87300000000
0.485000000000018	2578.41500000000
0.489999999999673	2573.42400000000
0.494999999999782	2550.32050000000
0.499999999999891	2553.13800000000
0.505	2535.02550000000
0.509999999999654	2532.93250000000
0.514999999999764	2520.93800000000
0.519999999999873	2505.96500000000
0.524999999999982	2504.19400000000
0.529999999999636	2518.36200000000
0.534999999999745	2501.21550000000
0.539999999999854	2482.45900000000
0.544999999999964	2485.43750000000
0.550000000000073	2479.64150000000
0.554999999999727	2455.89400000000
0.559999999999836	2464.02450000000
0.564999999999945	2431.82450000000
0.570000000000055	2436.09100000000
0.574999999999709	2438.90850000000
0.579999999999818	2410.25050000000
0.584999999999927	2423.05000000000
0.590000000000036	2425.70650000000
0.594999999999691	2400.59050000000
0.5999999999998	2406.46700000000
0.604999999999909	2396.32400000000
0.610000000000018	2386.74450000000
0.614999999999673	2376.27950000000
0.619999999999782	2370.80550000000
0.624999999999891	2350.76100000000
0.63	2346.41400000000
0.634999999999654	2342.79150000000
0.639999999999764	2334.25850000000
0.644999999999873	2326.12800000000
0.649999999999982	2316.54850000000
0.654999999999636	2326.61100000000
0.659999999999745	2309.38400000000
0.664999999999854	2324.35700000000
0.669999999999964	2301.81700000000
0.675000000000073	2301.25350000000
0.679999999999727	2296.42350000000
0.684999999999836	2270.01950000000
0.689999999999945	2276.94250000000
0.695000000000055	2282.49700000000
0.699999999999709	2261.56700000000
0.704999999999818	2263.57950000000
0.709999999999927	2253.43650000000
0.715000000000036	2255.61000000000
0.719999999999691	2244.74250000000
0.7249999999998	2235.32400000000
0.729999999999909	2247.64050000000
0.735000000000018	2235.56550000000
0.739999999999673	2219.86800000000
0.744999999999782	2223.41000000000
0.749999999999891	2211.09350000000
0.755	2193.62500000000
0.759999999999654	2201.91650000000
0.764999999999764	2202.96300000000
0.769999999999873	2199.90400000000
0.774999999999982	2198.21350000000
0.779999999999636	2176.15650000000
0.784999999999745	2179.61800000000
0.789999999999854	2165.04750000000
0.794999999999964	2171.40700000000
0.800000000000073	2163.92050000000
0.804999999999727	2171.40700000000
0.809999999999836	2167.94550000000
0.814999999999945	2147.74000000000
0.820000000000055	2160.05650000000
0.824999999999709	2142.58800000000
0.829999999999818	2157.15850000000
0.834999999999927	2155.54850000000
0.840000000000036	2176.39800000000
0.844999999999691	2152.65050000000
0.8499999999998	2166.57700000000
0.854999999999909	2140.73650000000
0.860000000000018	2149.10850000000
0.864999999999673	2113.76900000000
0.869999999999782	2137.99950000000
0.874999999999891	2110.95150000000
0.88	2114.01050000000
0.884999999999654	2115.62050000000
0.889999999999764	2124.55600000000
0.894999999999873	2093.0000000
0.929999999999727	2086.07700000000
0.934999999999836	2080.28100000000
0.939999999999945	2083.50100000000
0.945000000000055	2072.47250000000
0.949999999999709	2069.73550000000
0.954999999999818	2078.99300000000
0.959999999999927	2076.17550000000
0.965000000000036	2071.26500000000
0.969999999999691	2070.78200000000
0.9749999999998	2076.73900000000
0.979999999999909	2053.23300000000
0.985000000000018	2091.39000000000
0.989999999999673	2085.67450000000
0.994999999999782	2096.30050000000
0.999999999999891	2079.55650000000
1.005	2092.11450000000
1.00999999999965	2065.14700000000
1.01499999999976	2083.98400000000
1.01999999999987	2067.07900000000
1.02499999999998	2081.89100000000
1.02999999999964	2074.80700000000
1.03499999999975	2048.88600000000
1.03999999999985	2122.94600000000
1.04499999999996	2138.08000000000
1.05000000000007	2100.56700000000
1.05499999999973	2159.49300000000
1.05999999999984	2135.74550000000
1.06499999999995	2034.15450000000
1.07000000000005	2166.17450000000
1.07499999999971	2018.77900000000
1.07999999999982	2074.48500000000
1.08499999999993	2034.47650000000
1.09000000000004	1982.63450000000
1.09499999999969	2022.16000000000
1.0999999999998	1984.88850000000
1.10499999999991	1992.45550000000
1.11000000000002	1983.11750000000
1.11499999999967	1977.40200000000
1.11999999999978	1965.72950000000
1.12499999999989	1970.07650000000
1.13	1978.20700000000
1.13499999999965	1967.74200000000
1.13999999999976	1961.30200000000
1.14499999999987	1978.85100000000
1.14999999999998	1980.54150000000
1.15499999999964	1967.66150000000
1.15999999999975	1964.44150000000
1.16499999999985	1966.77600000000
1.16999999999996	1965.72950000000
1.17500000000007	1949.79050000000
1.17999999999973	1955.98900000000
1.18499999999984	1958.80650000000
1.18999999999995	1948.50250000000
1.19500000000005	1950.99800000000
1.19999999999971	1945.44350000000
1.20499999999982	1947.85850000000
1.20999999999993	1937.47400000000
1.21500000000004	1936.02500000000
1.21999999999969	1937.47400000000
1.2249999999998	1950.43450000000
1.22999999999991	1978.28750000000
1.23500000000002	1985.85450000000
1.23999999999967	1931.35600000000
1.24499999999978	1958.96750000000
1.24999999999989	1953.57400000000
1.255	1986.41800000000
1.25999999999965	1931.51700000000
1.26499999999976	1932.72450000000
1.26999999999987	1938.11800000000
1.27499999999998	1934.57600000000
1.27999999999964	1912.19700000000
1.28499999999975	1947.77800000000
1.28999999999985	1901.57100000000
1.29499999999996	1916.94650000000
1.30000000000007	1919.28100000000
1.30499999999973	1928.86050000000
1.30999999999984	1924.59400000000
1.31499999999995	1908.65500000000
1.32000000000005	1935.94450000000
1.32499999999971	1932.64400000000
1.32999999999982	1909.46000000000
1.33499999999993	1937.95700000000
1.34000000000004	1898.35100000000
1.34499999999969	1933.85150000000
1.3499999999998	1880.56050000000
1.35499999999991	1907.04500000000
1.36000000000002	1899.80000000000
1.36499999999967	1875.00600000000
1.36999999999978	1879.27250000000
1.37499999999989	1875.89150000000
1.38	1919.36150000000
1.38499999999965	1862.77000000000
1.38999999999976	1894.48700000000
1.39499999999987	1895.93600000000
1.39999999999998	1882.97550000000
1.40499999999964	1867.27800000000
1.40999999999975	1878.46750000000
1.41499999999985	1866.55350000000
1.41999999999996	1905.27400000000
1.42599999999982	1852.38550000000
1.42999999999973	1885.47100000000
1.43600000000004	1851.25850000000
1.44099999999969	1881.36550000000
1.44500000000005	1874.20100000000
1.45099999999991	1873.87900000000
1.45499999999982	1873.79850000000
1.46099999999968	1869.77350000000
1.46599999999979	1882.17050000000
1.47099999999989	1871.46400000000
1.476	1871.78600000000
1.48099999999966	1906.48150000000
1.48599999999977	1882.17050000000
1.49099999999988	1898.35100000000
1.49599999999999	1877.66250000000
1.50099999999964	1867.03650000000
1.50599999999975	1843.93300000000
1.51099999999986	1911.87500000000
1.51599999999997	1874.04000000000
1.52100000000008	1879.51400000000
1.52499999999998	1885.71250000000
1.53099999999984	1835.40000000000
1.53599999999995	1865.02400000000
1.54100000000006	1817.28750000000
1.54599999999971	1849.56800000000
1.55099999999982	1838.78100000000
1.55599999999993	1863.49450000000
1.56100000000004	1821.63450000000
1.56599999999969	1841.84000000000
1.601	1845.78450000000
1.60599999999966	1833.79000000000
1.61099999999977	1826.94750000000
1.61599999999988	1836.36600000000
1.62099999999999	1830.89200000000
1.62599999999964	1840.63250000000
1.63099999999975	1820.58800000000
1.63599999999986	1815.83850000000
1.64099999999997	1855.52500000000
1.64600000000008	1856.24950000000
1.65099999999973	1830.32850000000
1.65599999999984	1822.19800000000
1.66099999999995	1886.83950000000
1.66600000000006	1831.05300000000
1.67099999999971	1820.99050000000
1.67599999999982	1825.82050000000
1.68099999999993	1832.01900000000
1.68600000000004	1841.51800000000
1.69099999999969	1820.50750000000
1.6959999999998	1862.28700000000
1.70099999999991	1822.76150000000
1.70600000000002	1855.52500000000
1.71099999999968	1804.97100000000
1.71599999999979	1859.79150000000
1.72099999999989	1799.57750000000
1.726	1813.66500000000
1.73099999999966	1888.85200000000
1.73599999999977	1824.37150000000
1.74099999999988	1822.60050000000
1.74599999999999	1822.03700000000
1.75099999999964	1862.12600000000
1.75599999999975	1793.37900000000
1.76099999999986	1822.27850000000
1.76599999999997	1799.81900000000
1.77100000000008	1865.18500000000
1.77599999999973	1779.93550000000
1.78099999999984	1827.02800000000
1.78599999999995	1782.75300000000
1.79100000000006	1791.60800000000
1.79599999999971	1835.23900000000
1.80099999999982	1822.84200000000
1.80599999999993	1810.68650000000
1.81100000000004	1804.97100000000
1.81599999999969	1815.35550000000
1.8209999999998	1799.01400000000
1.82599999999991	1846.26750000000
1.83100000000002	1761.25950000000
1.83599999999968	1853.19050000000
1.84099999999979	1764.23800000000
1.84599999999989	1845.46250000000
1.851	1770.83900000000
1.85599999999966	1848.44100000000
1.86099999999977	1826.78650000000
1.86599999999988	1779.69400000000
1.87099999999999	1833.87050000000
1.87599999999964	1807.14450000000
1.88099999999975	1814.79200000000
1.88599999999986	1872.18850000000
1.89099999999997	1790.15900000000
1.89600000000008	1799.25550000000
1.90099999999973	1831.05300000000
1.90599999999984	1762.06450000000
1.91099999999995	1838.94200000000
1.91600000000006	1749.34550000000
1.92099999999971	1831.13350000000
1.92599999999982	1758.92500000000
1.93099999999993	1787.58300000000
1.93600000000004	1789.51500000000
1.94099999999969	1820.26600000000
1.9459999999998	1805.61500000000
1.95099999999991	1790.96400000000
1.95600000000002	1846.58950000000
1.96099999999968	1796.76000000000
1.96599999999979	1791.68850000000
1.97099999999989	1830.57000000000
1.976	1796.59900000000
1.98099999999966	1776.63500000000
1.98599999999977	1780.66000000000
1.99099999999988	1804.64900000000
1.99599999999999	1789.11250000000
2.00099999999964	1852.38550000000
2.00599999999975	1851.74150000000
2.01099999999986	1797.96750000000
2.01599999999997	1826.62550000000
2.02100000000008	1803.68300000000
2.02599999999973	1819.86350000000
2.03099999999984	1786.69750000000
2.03599999999995	1834.59500000000
2.04100000000006	1807.54700000000
2.04599999999971	1827.51100000000
2.05099999999982	1819.13900000000
2.05599999999993	1787.82450000000
2.06100000000004	1855.60550000000
2.06599999999969	1753.53150000000
2.0709999999998	1829.52350000000
2.07599999999991	1768.90700000000
2.08100000000002	1810.68650000000
2.08599999999968	1814.30900000000
2.09099999999979	1787.74400000000
2.09599999999989	1833.87050000000
2.101	1814.30900000000
2.10599999999966	1853.91500000000
2.11099999999977	1795.23050000000
2.11599999999988	1862.52850000000
2.12099999999999	1806.58100000000
2.12599999999964	1819.13900000000
2.13099999999975	1832.34100000000
2.13599999999986	1815.27500000000
2.14099999999997	1884.42450000000
2.14600000000008	1897.06300000000
2.15099999999973	1946.65100000000
2.15599999999984	1926.04300000000
2.16099999999995	1965.89050000000
2.16600000000006	1973.61850000000
2.17099999999971	1968.38600000000
2.17599999999982	1998.97600000000
2.18099999999993	1889.89850000000
2.18600000000004	2017.00800000000
2.19099999999969	1970.39850000000
2.1959999999998	1980.21950000000
2.20099999999991	2027.87550000000
2.20600000000002	1950.67600000000
2.21099999999968	2006.06000000000
2.21599999999979	2029.32450000000
2.22099999999989	1972.89400000000
2.226	2042.52650000000
2.23099999999966	2009.44100000000
2.23599999999977	2009.76300000000
2.27100000000008	2017.00800000000
2.27599999999973	2026.26550000000
2.28099999999984	2084.22550000000
2.28599999999995	2012.17800000000
2.29100000000006	2026.74850000000
2.29599999999971	2037.69650000000
2.30099999999982	2022.07950000000
2.30599999999993	2051.62300000000
2.31100000000004	2036.00600000000
2.31599999999969	2060.15600000000
2.3209999999998	2055.08450000000
2.32599999999991	2053.23300000000
2.33100000000002	2027.79500000000
2.33599999999968	1984.88850000000
2.34099999999979	2042.20450000000
2.34599999999989	2102.25750000000
2.351	2078.26850000000
2.35599999999966	2019.74500000000
2.36099999999977	2056.85550000000
2.36599999999988	2081.97150000000
2.37099999999999	2046.55150000000
2.37599999999964	2037.37450000000
2.38099999999975	2060.88050000000
2.38599999999986	2034.15450000000
2.39099999999997	2031.33700000000
2.39600000000008	2045.42450000000
2.40099999999973	2009.52150000000
2.40599999999984	2068.36700000000
2.41099999999995	2086.07700000000
2.41600000000006	2064.42250000000
2.42099999999971	2061.92700000000
2.42599999999982	2041.96300000000
2.43099999999993	2067.32050000000
2.43600000000004	2055.88950000000
2.44099999999969	2045.34400000000
2.4459999999998	2045.42450000000
2.45099999999991	2074.24350000000
2.45600000000002	2035.68400000000
2.46099999999968	2077.62450000000
2.46599999999979	2046.87350000000
2.47099999999989	2054.68200000000
2.476	2074.16300000000
2.48099999999966	2033.26900000000
2.48599999999977	2013.54650000000
2.49099999999988	2061.92700000000
2.49599999999999	2045.26350000000
2.50099999999964	2118.35750000000
2.50599999999975	2042.60700000000
2.51099999999986	2019.18150000000
2.51599999999997	2039.30650000000
2.52100000000008	2091.87300000000
2.52599999999973	2108.69750000000
2.53099999999984	2006.94550000000
2.53599999999995	1958.96750000000
2.54100000000006	2016.76650000000
2.54599999999971	2094.44900000000
2.55099999999982	2043.57300000000
2.55599999999993	2052.91100000000
2.56100000000004	2016.36400000000
2.56599999999969	2038.66250000000
2.5709999999998	2098.95700000000
2.57599999999991	2046.31000000000
2.58100000000002	2027.47300000000
2.58599999999968	2010.64850000000
2.59099999999979	2028.51950000000
2.59599999999989	2109.66350000000
2.601	2034.63750000000
2.60599999999966	1999.05650000000
2.61099999999977	2063.37600000000
2.61599999999988	2053.39400000000
2.62099999999999	2049.04700000000
2.62599999999964	2014.27100000000
2.63099999999975	2001.71300000000
2.63599999999986	2016.12250000000
2.64099999999997	2054.60150000000
2.64600000000008	2042.44600000000
2.65099999999973	2019.26200000000
2.65599999999984	2043.65350000000
2.66099999999995	2045.34400000000
2.66600000000006	2001.31050000000
2.67099999999971	1959.85300000000
2.67599999999982	2063.05400000000
2.68099999999993	2057.33850000000
2.68600000000004	1981.50750000000
2.69099999999969	2021.19400000000
2.6959999999998	2041.15800000000
2.70099999999991	2000.10300000000
2.70600000000002	2026.74850000000
2.71099999999968	2035.68400000000
2.71599999999979	2005.73800000000
2.72099999999989	2036.97200000000
2.726	2008.47500000000
2.73099999999966	2037.61600000000
2.73599999999977	1995.19250000000
2.74099999999988	2000.90800000000
2.74599999999999	2034.63750000000
2.75099999999964	1996.80250000000
2.75599999999975	2042.76800000000
2.76099999999986	2001.31050000000
2.76599999999997	1991.48950000000
2.77100000000008	2010.24600000000
2.77599999999973	1991.57000000000
2.78099999999984	2016.28350000000
2.78599999999995	2012.58050000000
2.79100000000006	1982.79550000000
2.79599999999971	2040.11150000000
2.80099999999982	2022.80400000000
2.80599999999993	1955.66700000000
2.81100000000004	2007.02600000000
2.81599999999969	1960.98000000000
2.8209999999998	2018.29600000000
2.82599999999991	1996.07800000000
2.83100000000002	1986.01550000000
2.83599999999968	2024.81650000000
2.84099999999979	1989.63800000000
2.84599999999989	1980.46100000000
2.851	1972.49150000000
2.85599999999966	2010.72900000000
2.86099999999977	1976.11400000000
2.86599999999988	1935.78350000000
2.87099999999999	1986.98150000000
2.87599999999964	1937.23250000000
2.88099999999975	1933.36850000000
2.88599999999986	1911.55300000000
2.89099999999997	1807.86900000000
2.89600000000008	1879.59450000000
2.90099999999973	1830.89200000000
2.90599999999984	1744.19350000000
2.94099999999969	1668.68450000000
2.9459999999998	1770.67800000000
2.95099999999991	1730.42800000000
2.95600000000002	1681.00100000000
2.96099999999968	1810.04250000000
2.96599999999979	1705.63400000000
2.97099999999989	1760.61550000000
2.976	1772.36850000000
2.98099999999966	1689.05100000000
2.98599999999977	1821.15150000000
2.99099999999988	1670.61650000000
2.99599999999999	1744.11300000000
3.00099999999964	1734.29200000000
3.00599999999975	1686.63600000000
3.01099999999986	1849.40700000000
3.01599999999997	1639.94600000000
3.02100000000008	1801.59000000000
3.02599999999973	1751.92150000000
3.03099999999984	1683.73800000000
3.03599999999995	1830.57000000000
3.04100000000006	1709.65900000000
3.04599999999971	1748.62100000000
3.05099999999982	1809.80100000000
3.05599999999993	1677.37850000000
3.06100000000004	1786.53650000000
3.06599999999969	1732.11850000000
3.0709999999998	1725.92000000000
3.07599999999991	1890.38150000000
3.08100000000002	1677.45900000000
3.08599999999968	1717.46750000000
3.09099999999979	1698.46950000000
3.09599999999989	1671.90450000000
3.101	1708.53200000000
3.10599999999966	1720.76800000000
3.11099999999977	1724.71250000000
3.11599999999988	1805.21250000000
3.12099999999999	1710.22250000000
3.12599999999964	1797.96750000000
3.13099999999975	1714.97200000000
3.13599999999986	1714.89150000000
3.14099999999997	1806.33950000000
3.14600000000008	1632.21800000000
3.15099999999973	1804.89050000000
3.15599999999984	1687.92400000000
3.16099999999995	1675.12450000000
3.16600000000006	1790.15900000000
3.17099999999971	1649.68650000000
3.17599999999982	1732.44050000000
3.18099999999993	1663.93500000000
3.18600000000004	1717.78950000000
3.19099999999969	1709.73950000000
3.1959999999998	1668.68450000000
3.20099999999991	1765.28450000000
3.20600000000002	1627.14650000000
3.21099999999968	1699.35500000000
3.21599999999979	1666.59150000000
3.22099999999989	1647.51300000000
3.226	1775.83000000000
3.23099999999966	1627.46850000000
3.23599999999977	1705.71450000000
3.24099999999988	1655.24100000000
3.24599999999999	1667.31600000000
3.25099999999964	1770.35600000000
3.25599999999975	1636.24300000000
3.26099999999986	1731.95750000000
3.26599999999997	1648.47900000000
3.27100000000008	1668.04050000000
3.27599999999973	1701.44800000000
3.28099999999984	1624.73150000000
3.28599999999995	1766.00900000000
3.29100000000006	1621.75300000000
3.29599999999971	1689.53400000000
3.30099999999982	1741.05400000000
3.30599999999993	1609.43650000000
3.31100000000004	1727.04700000000
3.31599999999969	1612.97850000000
3.3209999999998	1654.11400000000
3.32599999999991	1760.61550000000
3.33100000000002	1618.21100000000
3.33599999999968	1727.77150000000
3.34099999999979	1678.34450000000
3.34599999999989	1640.83150000000
3.351	1713.60350000000
3.35599999999966	1625.61700000000
3.36099999999977	1748.86250000000
3.36599999999988	1692.35150000000
3.37099999999999	1601.70850000000
3.37599999999964	1711.43000000000
3.38099999999975	1641.07300000000
3.38599999999986	1678.02250000000
3.39099999999997	1729.30100000000
3.39600000000008	1676.17100000000
3.40099999999973	1735.90200000000
3.40599999999984	1708.45150000000
3.41099999999995	1647.19100000000
3.41600000000006	1773.09300000000
3.42099999999971	1631.41300000000
3.42599999999982	1704.26550000000
3.43099999999993	1686.87750000000
3.43600000000004	1623.84600000000
3.44099999999969	1727.53000000000
3.4459999999998	1606.05550000000
3.45099999999991	1666.10850000000
3.45600000000002	1670.37500000000
3.46099999999968	1631.57400000000
3.46599999999979	1720.20450000000
3.47099999999989	1660.23200000000
3.476	1733.32600000000
3.48099999999966	1696.05450000000
3.48599999999977	1733.08450000000
3.49099999999988	1769.47050000000
3.49599999999999	1672.06550000000
3.50099999999964	1734.77500000000
3.50599999999975	1735.25800000000
3.51099999999986	1700.72350000000
3.51599999999997	1782.18950000000
3.52100000000008	1758.44200000000
3.52599999999973	1690.41950000000
3.53099999999984	1767.13600000000
3.53599999999995	1689.05100000000
3.54100000000006	1657.73650000000
3.54599999999971	1751.76050000000
3.55099999999982	1687.36050000000
3.55599999999993	1712.07400000000
3.56100000000004	1707.80750000000
3.56599999999969	1635.67950000000
3.5709999999998	1729.30100000000
3.57599999999991	1668.20150000000
3.61599999999988	1671.50200000000
3.62099999999999	1691.30500000000
3.62599999999964	1712.15450000000
3.63099999999975	1725.03450000000
3.63599999999986	1717.14550000000
3.64099999999997	1687.36050000000
3.64600000000008	1730.50850000000
3.65099999999973	1739.36350000000
3.65599999999984	1710.06150000000
3.66099999999995	1736.62650000000
3.66600000000006	1713.44250000000
3.67099999999971	1730.50850000000
3.67599999999982	1728.81800000000
3.68099999999993	1693.55900000000
3.68600000000004	1742.10050000000
3.69099999999969	1699.27450000000
3.6959999999998	1708.85400000000
3.70099999999991	1753.85350000000
3.70600000000002	1716.17950000000
3.71099999999968	1669.32850000000
3.71599999999979	1762.06450000000
3.72099999999989	1686.79700000000
3.726	1640.99250000000
3.73099999999966	1700.32100000000
3.73599999999977	1697.10100000000
3.74099999999988	1678.18350000000
3.74599999999999	1758.36150000000
3.75099999999964	1632.37900000000
3.75599999999975	1627.95150000000
3.76099999999986	1705.15100000000
3.76599999999997	1679.47150000000
3.77100000000008	1654.75800000000
3.77599999999973	1771.48300000000
3.78099999999984	1607.42400000000
3.78599999999995	1622.71900000000
3.79100000000006	1657.09250000000
3.79599999999971	1665.70600000000
3.80099999999982	1626.50250000000
3.80599999999993	1664.90100000000
3.81100000000004	1695.08850000000
3.81599999999969	1701.20650000000
3.8209999999998	1677.78100000000
3.82599999999991	1731.23300000000
3.83100000000002	1656.60950000000
3.83599999999968	1647.43250000000
3.84099999999979	1755.38300000000
3.84599999999989	1689.53400000000
3.851	1635.43800000000
3.85599999999966	1690.33900000000
3.86099999999977	1707.32450000000
3.86599999999988	1685.26750000000
3.87099999999999	1686.79700000000
3.87599999999964	1722.53900000000
3.88099999999975	1649.60600000000
3.88599999999986	1671.42150000000
3.89099999999997	1686.39450000000
3.89600000000008	1635.67950000000
3.90099999999973	1666.83300000000
3.90599999999984	1737.67300000000
3.91099999999995	1653.55050000000
3.91600000000006	1677.86150000000
3.92099999999971	1701.28700000000
3.92599999999982	1728.09350000000
3.93099999999993	1665.94750000000
3.93600000000004	1711.67150000000
3.94099999999969	1732.92350000000
3.9459999999998	1697.98650000000
3.95099999999991	1700.80400000000
3.95600000000002	1699.75750000000
3.96099999999968	1646.94950000000
3.96599999999979	1718.19200000000
3.97099999999989	1763.91600000000
3.976	1636.40400000000
3.98099999999966	1676.81500000000
3.98599999999977	1790.40050000000
3.99099999999988	1669.16750000000
3.99599999999999	1615.23250000000
4.00099999999964	1702.17250000000
4.00599999999975	1780.98200000000
4.01099999999986	1568.62300000000
4.01599999999997	1626.90500000000
4.02100000000008	1630.20550000000
4.02599999999973	1585.76950000000
4.03099999999984	1692.75400000000
4.03599999999995	1726.48350000000
4.04100000000006	1560.89500000000
4.04599999999971	1617.00350000000
4.05099999999982	1687.03850000000
4.05599999999993	1642.36100000000
4.06100000000004	1589.79450000000
4.06599999999969	1647.75450000000
4.0709999999998	1693.72000000000
4.07599999999991	1624.81200000000
4.08100000000002	1607.34350000000
4.08599999999968	1798.12850000000
4.09099999999979	1643.24650000000
4.09599999999989	1563.55150000000
4.101	1631.17150000000
4.10599999999966	1656.44850000000
4.11099999999977	1564.19550000000
4.11599999999988	1673.67550000000
4.12099999999999	1660.15150000000
4.12599999999964	1558.88250000000
4.13099999999975	1610.96600000000
4.13599999999986	1610.80500000000
4.14099999999997	1604.28450000000
4.14600000000008	1572.48700000000
4.15099999999973	1672.38750000000
4.15599999999984	1618.93550000000
4.16099999999995	1590.19700000000
4.16600000000006	1643.64900000000
4.17099999999971	1762.14500000000
4.17599999999982	1572.72850000000
4.18099999999993	1598.32750000000
4.18600000000004	1614.02500000000
4.19099999999969	1577.55850000000
4.1959999999998	1572.80900000000
4.20099999999991	1677.37850000000
4.20600000000002	1559.04350000000
4.21099999999968	1547.12950000000
4.21599999999979	1628.11250000000
4.22099999999989	1563.55150000000
4.226	1590.03600000000
4.23099999999966	1700.32100000000
4.23599999999977	1565.96650000000
4.24099999999988	1573.61400000000
4.24599999999999	1759.24700000000
4.25099999999964	1693.07600000000
4.28599999999995	1704.18500000000
4.29100000000006	1651.61850000000
4.29599999999971	1719.96300000000
4.30099999999982	1706.43900000000
4.30599999999993	1630.20550000000
4.31100000000004	1664.82050000000
4.31599999999969	1684.62350000000
4.3209999999998	1725.19550000000
4.32599999999991	1678.90800000000
4.33100000000002	1705.31200000000
4.33599999999968	1686.23350000000
4.34099999999979	1677.45900000000
4.34599999999989	1744.83750000000
4.351	1775.10550000000
4.35599999999966	1740.08800000000
4.36099999999977	1678.10300000000
4.36599999999988	1691.70750000000
4.37099999999999	1724.47100000000
4.37599999999964	1718.19200000000
4.38099999999975	1728.89850000000
4.38599999999986	1749.90900000000
4.39099999999997	1762.06450000000
4.39600000000008	1702.65550000000
4.40099999999973	1684.86500000000
4.40599999999984	1689.85600000000
4.41099999999995	1674.88300000000
4.41600000000006	1703.86300000000
4.42099999999971	1683.65750000000
4.42599999999982	1704.66800000000
4.43099999999993	1781.46500000000
4.43600000000004	1775.99100000000
4.44099999999969	1677.78100000000
4.4459999999998	1648.55950000000
4.45099999999991	1660.31250000000
4.45600000000002	1681.48400000000
4.46099999999968	1698.71100000000
4.46599999999979	1745.24000000000
4.47099999999989	1724.87350000000
4.476	1714.56950000000
4.48099999999966	1686.55550000000
4.48599999999977	1639.38250000000
4.49099999999988	1649.04250000000
4.49599999999999	1664.33750000000
4.50099999999964	1643.48800000000
4.50599999999975	1624.89250000000
4.51099999999986	1634.95500000000
4.51599999999997	1667.87950000000
4.52100000000008	1704.90950000000
4.52599999999973	1696.85950000000
4.53099999999984	1691.30500000000
4.53599999999995	1686.79700000000
4.54100000000006	1690.74150000000
4.54599999999971	1734.05050000000
4.55099999999982	1730.99150000000
4.55599999999993	1705.71450000000
4.56100000000004	1684.62350000000
4.56599999999969	1667.71850000000
4.5709999999998	1695.33000000000
4.57599999999991	1686.15300000000
4.58100000000002	1746.60850000000
4.58599999999968	1781.94800000000
4.59099999999979	1747.17200000000
4.59599999999989	1712.87900000000
4.601	1675.92950000000
4.60599999999966	1631.01050000000
4.61099999999977	1556.06500000000
4.61599999999988	1598.08600000000
4.62099999999999	1641.23400000000
4.62599999999964	1478.70450000000
4.63099999999975	1563.63200000000
4.63599999999986	1533.12250000000
4.64099999999997	1480.71700000000
4.64600000000008	1570.39400000000
4.65099999999973	1604.92850000000
4.65599999999984	1465.50250000000
4.66099999999995	1558.80200000000
4.66600000000006	1578.44400000000
4.67099999999971	1501.24450000000
4.67599999999982	1510.18000000000
4.68099999999993	1701.28700000000
4.68600000000004	1527.00450000000
4.69099999999969	1477.17500000000
4.6959999999998	1549.38350000000
4.70099999999991	1481.52200000000
4.70600000000002	1589.55300000000
4.71099999999968	1545.68050000000
4.71599999999979	1439.98400000000
4.72099999999989	1529.25850000000
4.726	1562.02200000000
4.73099999999966	1450.93200000000
4.73599999999977	1538.75750000000
4.74099999999988	1562.26350000000
4.74599999999999	1451.25400000000
4.75099999999964	1525.47500000000
4.75599999999975	1638.89950000000
4.76099999999986	1475.08200000000
4.76599999999997	1500.35900000000
4.77100000000008	1590.68000000000
4.77599999999973	1543.99000000000
4.78099999999984	1466.62950000000
4.78599999999995	1599.53500000000
4.79100000000006	1452.54200000000
4.79599999999971	1492.14800000000
4.80099999999982	1523.86500000000
4.80599999999993	1405.69100000000
4.81100000000004	1508.57000000000
4.81599999999969	1468.64200000000
4.8209999999998	1449.16100000000
4.82599999999991	1520.24250000000
4.83100000000002	1512.03150000000
4.83599999999968	1453.26650000000
4.84099999999979	1660.63450000000
4.84599999999989	1507.28200000000
4.851	1441.67450000000
4.85599999999966	1540.93100000000
4.86099999999977	1451.65650000000
4.86599999999988	1495.44850000000
4.87099999999999	1481.03900000000
4.87599999999964	1444.49200000000
4.88099999999975	1507.76500000000
4.88599999999986	1519.03500000000
4.89099999999997	1455.19850000000
4.89600000000008	1603.39900000000
4.90099999999973	1530.30500000000
4.90599999999984	1430.16300000000
4.91099999999995	1514.12450000000
4.91600000000006	1456.64750000000
4.92099999999971	1441.83550000000
4.95600000000002	1483.85650000000
4.96099999999968	1438.69600000000
4.96599999999979	1570.15250000000
4.97099999999989	1499.23200000000
4.976	1476.45050000000
4.98099999999966	1596.31500000000
4.98599999999977	1457.29150000000
4.99099999999988	1463.97300000000
4.99599999999999	1610.00000000
5.00099999999964	1444.97500000000
5.00599999999975	1445.78000000000
5.01099999999986	1509.29450000000
5.01599999999997	1424.36700000000
5.02100000000008	1480.31450000000
5.02599999999973	1484.42000000000
5.03099999999984	1411.16500000000
5.03599999999995	1478.70450000000
5.04100000000006	1459.54550000000
5.04599999999971	1446.42400000000
5.05099999999982	1539.56250000000
5.05599999999993	1472.50600000000
5.06100000000004	1444.33100000000
5.06599999999969	1579.65150000000
5.0709999999998	1442.47950000000
5.07599999999991	1451.73700000000
5.08100000000002	1540.20650000000
5.08599999999968	1443.92850000000
5.09099999999979	1510.90450000000
5.09599999999989	1604.36500000000
5.101	1405.53000000000
5.10599999999966	1454.95700000000
5.11099999999977	1447.14850000000
5.11599999999988	1382.02400000000
5.12099999999999	1433.54400000000
5.12599999999964	1435.79800000000
5.13099999999975	1398.92900000000
5.13599999999986	1502.21050000000
5.14099999999997	1558.72150000000
5.14600000000008	1379.60900000000
5.15099999999973	1470.73500000000
5.15599999999984	1501.56650000000
5.16099999999995	1371.23700000000
5.16600000000006	1454.23250000000
5.17099999999971	1434.67100000000
5.17599999999982	1375.74500000000
5.18099999999993	1444.81400000000
5.18600000000004	1408.42800000000
5.19099999999969	1394.01850000000
5.1959999999998	1422.99850000000
5.20099999999991	1395.62850000000
5.20600000000002	1442.31850000000
5.21099999999968	1428.31150000000
5.21599999999979	1410.19900000000
5.22099999999989	1398.44600000000
5.226	1411.64800000000
5.23099999999966	1412.69450000000
5.23599999999977	1365.60200000000
5.24099999999988	1405.53000000000
5.24599999999999	1318.59000000000
5.25099999999964	1350.95100000000
5.25599999999975	1309.33250000000
5.26099999999986	1258.85900000000
5.26599999999997	1279.54750000000
5.27100000000008	1241.71250000000
5.27599999999973	1245.65700000000
5.28099999999984	1221.90950000000
5.28599999999995	1227.70550000000
5.29100000000006	1205.64850000000
5.29599999999971	1187.69700000000
5.30099999999982	1175.62200000000
5.30599999999993	1155.17500000000
5.31100000000004	1137.14300000000
5.31599999999969	1132.63500000000
5.3209999999998	1114.84450000000
5.32599999999991	1107.27750000000
5.33100000000002	1098.10050000000
5.33599999999968	1090.85550000000
5.34099999999979	1089.48700000000
5.34599999999989	1078.45850000000
5.351	1070.32800000000
5.35599999999966	1065.01500000000
5.36099999999977	1060.02400000000
5.36599999999988	1041.42850000000
5.37099999999999	1042.71650000000
5.37599999999964	1034.90800000000
5.38099999999975	1034.26400000000
5.38599999999986	1015.66850000000
5.39099999999997	1006.08900000000
5.39600000000008	1004.31800000000
5.40099999999973	994.175000000000
5.40599999999984	992.565000000000
5.41099999999995	982.744000000000
5.41600000000006	974.774500000000
5.42099999999971	963.987500000000
5.42599999999982	961.733500000000
5.43099999999993	958.030500000000
5.43600000000004	952.637000000000
5.44099999999969	943.701500000000
5.4459999999998	940.481500000000
5.45099999999991	939.354500000000
5.45600000000002	928.809000000000
5.46099999999968	918.424500000000
5.46599999999979	910.777000000000
5.47099999999989	907.557000000000
5.476	905.866500000000
5.48099999999966	900.312000000000
5.48599999999977	897.575000000000
5.49099999999988	913.111500000000
5.49599999999999	921.725000000000
5.50099999999964	913.353000000000
5.50599999999975	899.426500000000
5.51099999999986	899.024000000000
5.51599999999997	890.652000000000
5.52100000000008	890.571500000000
5.52599999999973	879.543000000000
5.53099999999984	879.060000000000
5.53599999999995	880.026000000000
5.54100000000006	868.997500000000
5.54599999999971	861.511000000000
5.55099999999982	854.024500000000
5.55599999999993	851.046000000000
5.56100000000004	845.652500000000
5.56599999999969	839.695500000000
5.5709999999998	834.302000000000
5.57599999999991	835.509500000000
5.58100000000002	829.311000000000
5.58599999999968	823.193000000000
5.59099999999979	819.973000000000
5.62599999999964	793.327500000000
5.63099999999975	789.463500000000
5.63599999999986	785.036000000000
5.64099999999997	784.794500000000
5.64600000000008	782.057500000000
5.65099999999973	782.057500000000
5.65599999999984	775.215000000000
5.66099999999995	775.537000000000
5.66600000000006	769.660500000000
5.67099999999971	770.143500000000
5.67599999999982	765.796500000000
5.68099999999993	764.750000000000
5.68600000000004	763.864500000000
5.69099999999969	763.462000000000
5.6959999999998	761.691000000000
5.70099999999991	757.505000000000
5.70600000000002	756.056000000000
5.71099999999968	752.755500000000
5.71599999999979	751.306500000000
5.72099999999989	747.040000000000
5.726	747.925500000000
5.73099999999966	746.074000000000
5.73599999999977	744.061500000000
5.74099999999988	740.600000000000
5.74599999999999	742.371000000000
5.75099999999964	734.240500000000
5.75599999999975	736.011500000000
5.76099999999986	734.401500000000
5.76599999999997	732.791500000000
5.77100000000008	729.169000000000
5.77599999999973	728.847000000000
5.78099999999984	726.271000000000
5.78599999999995	724.017000000000
5.79100000000006	724.097500000000
5.79599999999971	722.407000000000
5.80099999999982	717.657500000000
5.80599999999993	716.450000000000
5.81100000000004	712.586000000000
5.81599999999969	714.115500000000
5.8209999999998	711.781000000000
5.82599999999991	709.446500000000
5.83100000000002	709.124500000000
5.83599999999968	708.480500000000
5.84099999999979	706.951000000000
5.84599999999989	703.650500000000
5.851	699.303500000000
5.85599999999966	699.867000000000
5.86099999999977	696.647000000000
5.86599999999988	696.888500000000
5.87099999999999	695.037000000000
5.87599999999964	693.427000000000
5.88099999999975	694.795500000000
5.88599999999986	689.563000000000
5.89099999999997	689.482500000000
5.89600000000008	688.114000000000
5.90099999999973	686.987000000000
5.90599999999984	683.525500000000
5.91099999999995	680.547000000000
5.91600000000006	680.144500000000
5.92099999999971	680.064000000000
5.92599999999982	677.488000000000
5.93099999999993	678.534500000000
5.93600000000004	673.221500000000
5.94099999999969	675.395000000000
5.9459999999998	671.450500000000
5.95099999999991	671.853000000000
5.95600000000002	667.667000000000
5.96099999999968	664.688500000000
5.96599999999979	666.620500000000
5.97099999999989	663.883500000000
5.976	661.307500000000
5.98099999999966	659.617000000000
5.98599999999977	659.295000000000
5.99099999999988	658.409500000000
5.99599999999999	655.914000000000
6.00099999999964	654.062500000000
6.00599999999975	654.465000000000
6.01099999999986	650.359500000000
6.01599999999997	648.588500000000
6.02100000000008	648.347000000000
6.02599999999973	646.495500000000
6.03099999999984	645.046500000000
6.03599999999995	644.563500000000
6.04100000000006	638.284500000000
6.04599999999971	641.263000000000
6.05099999999982	639.492000000000
6.05599999999993	639.975000000000
6.06100000000004	638.204000000000
6.06599999999969	635.950000000000
6.0709999999998	633.937500000000
6.07599999999991	632.166500000000
6.08100000000002	629.429500000000
6.08599999999968	629.751500000000
6.09099999999979	626.370500000000
6.09599999999989	626.612000000000
6.101	625.887500000000
6.10599999999966	624.760500000000
6.11099999999977	622.667500000000
6.11599999999988	621.379500000000
6.12099999999999	620.896500000000
6.12599999999964	615.986000000000
6.13099999999975	617.354500000000
6.13599999999986	615.100500000000
6.14099999999997	613.812500000000
6.14600000000008	609.626500000000
6.15099999999973	610.753500000000
6.15599999999984	609.063000000000
6.16099999999995	606.889500000000
6.16600000000006	605.360000000000
6.17099999999971	602.059500000000
6.17599999999982	604.072000000000
6.18099999999993	603.106000000000
6.18600000000004	599.081000000000
6.19099999999969	600.771500000000
6.1959999999998	596.907500000000
6.20099999999991	598.034500000000
6.20600000000002	596.585500000000
6.21099999999968	596.263500000000
6.21599999999979	593.446000000000
6.22099999999989	590.950500000000
6.226	589.904000000000
6.23099999999966	588.938000000000
6.23599999999977	587.006000000000
6.24099999999988	585.557000000000
6.24599999999999	586.120500000000
6.25099999999964	582.578500000000
6.25599999999975	582.015000000000
6.26099999999986	581.290500000000
6.29599999999971	571.791500000000
6.30099999999982	570.664500000000
6.30599999999993	566.881000000000
6.31100000000004	567.042000000000
6.31599999999969	563.419500000000
6.3209999999998	564.788000000000
6.32599999999991	564.224500000000
6.33100000000002	560.360500000000
6.33599999999968	561.890000000000
6.34099999999979	557.623500000000
6.34599999999989	559.394500000000
6.351	557.623500000000
6.35599999999966	556.577000000000
6.36099999999977	554.967000000000
6.36599999999988	552.552000000000
6.37099999999999	551.988500000000
6.37599999999964	549.493000000000
6.38099999999975	549.010000000000
6.38599999999986	546.514500000000
6.39099999999997	544.260500000000
6.39600000000008	545.548500000000
6.40099999999973	541.845500000000
6.40599999999984	541.362500000000
6.41099999999995	540.235500000000
6.41600000000006	538.223000000000
6.42099999999971	537.337500000000
6.42599999999982	538.223000000000
6.43099999999993	537.579000000000
6.43600000000004	533.232000000000
6.44099999999969	534.278500000000
6.4459999999998	532.910000000000
6.45099999999991	530.253500000000
6.45600000000002	529.851000000000
6.46099999999968	525.745500000000
6.46599999999979	526.309000000000
6.47099999999989	528.482500000000
6.476	526.228500000000
6.48099999999966	524.860000000000
6.48599999999977	520.271500000000
6.49099999999988	519.949500000000
6.49599999999999	519.466500000000
6.50099999999964	519.386000000000
6.50599999999975	517.937000000000
6.51099999999986	515.924500000000
6.51599999999997	514.073000000000
6.52100000000008	516.005000000000
6.52599999999973	511.497000000000
6.53099999999984	510.450500000000
6.53599999999995	510.772500000000
6.54100000000006	506.747500000000
6.54599999999971	507.311000000000
6.55099999999982	505.218000000000
6.55599999999993	506.103500000000
6.56100000000004	503.447000000000
6.56599999999969	500.629500000000
6.5709999999998	500.307500000000
6.57599999999991	499.341500000000
6.58100000000002	499.663500000000
6.58599999999968	496.685000000000
6.59099999999979	494.028500000000
6.59599999999989	495.075000000000
6.601	495.638500000000
6.60599999999966	494.350500000000
6.61099999999977	494.028500000000
6.61599999999988	490.889000000000
6.62099999999999	492.177000000000
6.62599999999964	488.876500000000
6.63099999999975	487.669000000000
6.63599999999986	485.978500000000
6.64099999999997	486.220000000000
6.64600000000008	485.012500000000
6.65099999999973	482.678000000000
6.65599999999984	481.631500000000
6.66099999999995	479.860500000000
6.66600000000006	479.297000000000
6.67099999999971	478.250500000000
6.67599999999982	476.077000000000
6.68099999999993	472.937500000000
6.68600000000004	473.018000000000
6.69099999999969	476.318500000000
6.6959999999998	473.098500000000
6.70099999999991	473.581500000000
6.70600000000002	468.188000000000
6.71099999999968	470.603000000000
6.71599999999979	469.878500000000
6.72099999999989	469.154000000000
6.726	465.531500000000
6.73099999999966	464.324000000000
6.73599999999977	463.277500000000
6.74099999999988	462.472500000000
6.74599999999999	460.379500000000
6.75099999999964	462.553000000000
6.75599999999975	459.413500000000
6.76099999999986	457.884000000000
6.76599999999997	457.320500000000
6.77100000000008	456.837500000000
6.77599999999973	454.020000000000
6.78099999999984	454.503000000000
6.78599999999995	450.317000000000
6.79100000000006	451.605000000000
6.79599999999971	450.397500000000
6.80099999999982	449.512000000000
6.80599999999993	449.673000000000
6.81100000000004	446.372500000000
6.81599999999969	445.165000000000
6.8209999999998	445.084500000000
6.82599999999991	445.084500000000
6.83100000000002	442.186500000000
6.83599999999968	441.381500000000
6.84099999999979	440.335000000000
6.84599999999989	441.220500000000
6.851	438.805500000000
6.85599999999966	436.873500000000
6.86099999999977	436.068500000000
6.86599999999988	436.551500000000
6.87099999999999	433.975500000000
6.87599999999964	434.378000000000
6.88099999999975	430.997000000000
6.88599999999986	431.802000000000
6.89099999999997	429.306500000000
6.89600000000008	431.319000000000
6.90099999999973	426.569500000000
6.90599999999984	427.616000000000
6.91099999999995	424.959500000000
6.91600000000006	426.086500000000
6.92099999999971	424.637500000000
6.92599999999982	423.591000000000
6.93099999999993	422.786000000000
6.96599999999979	415.863000000000
6.97099999999989	415.058000000000
6.976	413.206500000000
6.98099999999966	412.160000000000
6.98599999999977	412.562500000000
6.99099999999988	410.469500000000
6.99599999999999	410.711000000000
7.00099999999964	408.054500000000
7.00599999999975	407.652000000000
7.01099999999986	404.915000000000
7.01599999999997	405.881000000000
7.02100000000008	404.834500000000
7.02599999999973	405.478500000000
7.03099999999984	402.983000000000
7.03599999999995	400.487500000000
7.04100000000006	400.809500000000
7.04599999999971	398.636000000000
7.05099999999982	396.301500000000
7.05599999999993	396.865000000000
7.06100000000004	398.394500000000
7.06599999999969	395.899000000000
7.0709999999998	394.530500000000
7.07599999999991	394.128000000000
7.08100000000002	392.920500000000
7.08599999999968	393.162000000000
7.09099999999979	390.908000000000
7.09599999999989	390.586000000000
7.101	388.976000000000
7.10599999999966	387.849000000000
7.11099999999977	387.285500000000
7.11599999999988	385.836500000000
7.12099999999999	385.353500000000
7.12599999999964	384.790000000000
7.13099999999975	385.997500000000
7.13599999999986	382.697000000000
7.14099999999997	380.765000000000
7.14600000000008	378.752500000000
7.15099999999973	380.362500000000
7.15599999999984	378.591500000000
7.16099999999995	377.303500000000
7.16600000000006	377.706000000000
7.17099999999971	377.867000000000
7.17599999999982	376.418000000000
7.18099999999993	375.291000000000
7.18600000000004	371.990500000000
7.19099999999969	373.278500000000
7.1959999999998	370.300000000000
7.20099999999991	370.783000000000
7.20600000000002	369.495000000000
7.21099999999968	367.563000000000
7.21599999999979	368.368000000000
7.22099999999989	366.516500000000
7.226	366.597000000000
7.23099999999966	367.643500000000
7.23599999999977	363.377000000000
7.24099999999988	362.894000000000
7.24599999999999	363.538000000000
7.25099999999964	361.606000000000
7.25599999999975	359.271500000000
7.26099999999986	359.835000000000
7.26599999999997	358.949500000000
7.27100000000008	357.661500000000
7.27599999999973	357.017500000000
7.28099999999984	355.005000000000
7.28599999999995	355.246500000000
7.29100000000006	353.958500000000
7.29599999999971	354.924500000000
7.30099999999982	352.107000000000
7.30599999999993	350.819000000000
7.31100000000004	350.416500000000
7.31599999999969	350.014000000000
7.3209999999998	349.692000000000
7.32599999999991	347.438000000000
7.33100000000002	346.230500000000
7.33599999999968	346.230500000000
7.34099999999979	342.930000000000
7.34599999999989	347.116000000000
7.351	345.908500000000
7.35599999999966	343.815500000000
7.36099999999977	341.964000000000
7.36599999999988	341.320000000000
7.37099999999999	340.595500000000
7.37599999999964	337.939000000000
7.38099999999975	338.905000000000
7.38599999999986	339.549000000000
7.39099999999997	336.651000000000
7.39600000000008	335.604500000000
7.40099999999973	335.282500000000
7.40599999999984	335.121500000000
7.41099999999995	334.477500000000
7.41600000000006	332.304000000000
7.42099999999971	330.855000000000
7.42599999999982	333.511500000000
7.43099999999993	329.406000000000
7.43600000000004	328.601000000000
7.44099999999969	328.279000000000
7.4459999999998	327.715500000000
7.45099999999991	326.910500000000
7.45600000000002	326.508000000000
7.46099999999968	324.254000000000
7.46599999999979	324.495500000000
7.47099999999989	323.127000000000
7.476	320.792500000000
7.48099999999966	321.758500000000
7.48599999999977	321.436500000000
7.49099999999988	320.953500000000
7.49599999999999	318.538500000000
7.50099999999964	317.170000000000
7.50599999999975	317.411500000000
7.51099999999986	317.814000000000
7.51599999999997	316.848000000000
7.52100000000008	317.170000000000
7.52599999999973	313.547500000000
7.53099999999984	313.467000000000
7.53599999999995	314.352500000000
7.54100000000006	312.823000000000
7.54599999999971	311.454500000000
7.55099999999982	309.925000000000
7.55599999999993	309.764000000000
7.56100000000004	309.200500000000
7.56599999999969	307.832000000000
7.5709999999998	307.429500000000
7.57599999999991	306.383000000000
7.58100000000002	304.853500000000
7.58599999999968	303.163000000000
7.59099999999979	304.129000000000
7.59599999999989	303.243500000000
7.601	303.243500000000
7.63599999999986	297.367000000000
7.64099999999997	295.998500000000
7.64600000000008	294.147000000000
7.65099999999973	294.388500000000
7.65599999999984	293.905500000000
7.66099999999995	292.698000000000
7.66600000000006	291.812500000000
7.67099999999971	290.927000000000
7.67599999999982	292.537000000000
7.68099999999993	289.961000000000
7.68600000000004	289.075500000000
7.69099999999969	289.236500000000
7.6959999999998	286.499500000000
7.70099999999991	285.050500000000
7.70600000000002	285.855500000000
7.71099999999968	285.533500000000
7.71599999999979	284.326000000000
7.72099999999989	284.084500000000
7.726	281.991500000000
7.73099999999966	282.474500000000
7.73599999999977	282.635500000000
7.74099999999988	280.462000000000
7.74599999999999	279.174000000000
7.75099999999964	278.449500000000
7.75599999999975	278.047000000000
7.76099999999986	277.805500000000
7.76599999999997	278.449500000000
7.77100000000008	277.000500000000
7.77599999999973	274.505000000000
7.78099999999984	275.471000000000
7.78599999999995	274.183000000000
7.79100000000006	273.619500000000
7.79599999999971	272.573000000000
7.80099999999982	272.331500000000
7.80599999999993	272.009500000000
7.81100000000004	270.721500000000
7.81599999999969	268.709000000000
7.8209999999998	269.272500000000
7.82599999999991	268.226000000000
7.83100000000002	266.696500000000
7.83599999999968	266.455000000000
7.84099999999979	266.133000000000
7.84599999999989	264.845000000000
7.851	264.040000000000
7.85599999999966	263.798500000000
7.86099999999977	263.074000000000
7.86599999999988	261.544500000000
7.87099999999999	262.108000000000
7.87599999999964	259.934500000000
7.88099999999975	260.176000000000
7.88599999999986	259.934500000000
7.89099999999997	259.210000000000
7.89600000000008	257.841500000000
7.90099999999973	258.163500000000
7.90599999999984	255.909500000000
7.91099999999995	254.621500000000
7.91600000000006	256.070500000000
7.92099999999971	253.977500000000
7.92599999999982	253.333500000000
7.93099999999993	253.011500000000
7.93600000000004	251.160000000000
7.94099999999969	251.884500000000
7.9459999999998	251.240500000000
7.95099999999991	250.355000000000
7.95600000000002	249.469500000000
7.96099999999968	249.067000000000
7.96599999999979	248.584000000000
7.97099999999989	247.940000000000
7.976	247.698500000000
7.98099999999966	247.296000000000
7.98599999999977	245.525000000000
7.99099999999988	246.088500000000
7.99599999999999	244.961500000000
8.00099999999964	243.995500000000
8.00599999999975	243.110000000000
8.01099999999986	243.110000000000
8.01599999999997	241.339000000000
8.02100000000008	241.661000000000
8.02599999999973	241.500000000000
8.03099999999984	239.970500000000
8.03599999999995	238.119000000000
8.04100000000006	238.682500000000
8.04599999999971	236.911500000000
8.05099999999982	237.716500000000
8.05599999999993	235.382000000000
8.06100000000004	237.394500000000
8.0659999999997	234.416000000000
8.0709999999998	234.577000000000
8.07599999999991	234.818500000000
8.08100000000002	233.047500000000
8.08599999999968	231.196000000000
8.09099999999979	231.759500000000
8.0959999999999	230.069000000000
8.101	230.069000000000
8.10599999999966	230.874000000000
8.11099999999977	229.264000000000
8.11599999999988	227.412500000000
8.12099999999999	226.366000000000
8.12599999999964	226.849000000000
8.13099999999975	226.607500000000
8.13599999999986	224.917000000000
8.14099999999997	226.124500000000
8.14600000000008	224.756000000000
8.15099999999973	223.790000000000
8.15599999999984	222.421500000000
8.16099999999995	221.133500000000
8.16600000000006	222.582500000000
8.17099999999971	219.523500000000
8.17599999999982	219.362500000000
8.18099999999993	218.235500000000
8.18600000000004	218.074500000000
8.1909999999997	218.477000000000
8.1959999999998	218.316000000000
8.20099999999991	217.269500000000
8.20600000000002	216.223000000000
8.21099999999968	215.901000000000
8.21599999999979	215.176500000000
8.2209999999999	213.647000000000
8.226	214.210500000000
8.23099999999966	213.083500000000
8.23599999999977	211.634500000000
8.24099999999988	211.554000000000
8.24599999999999	211.312500000000
8.25099999999964	210.427000000000
8.25599999999975	210.668500000000
8.26099999999986	209.783000000000
8.26599999999997	208.817000000000
8.27100000000008	208.334000000000
8.30599999999993	204.631000000000
8.31100000000004	202.940500000000
8.3159999999997	202.779500000000
8.3209999999998	201.733000000000
8.32599999999991	200.847500000000
8.33100000000002	200.284000000000
8.33599999999968	199.640000000000
8.34099999999979	198.754500000000
8.3459999999999	198.593500000000
8.351	198.513000000000
8.35599999999966	197.144500000000
8.36099999999977	197.064000000000
8.36599999999988	196.178500000000
8.37099999999999	195.454000000000
8.37599999999964	194.488000000000
8.38099999999975	192.958500000000
8.38599999999986	192.958500000000
8.39099999999997	193.280500000000
8.39600000000008	191.509500000000
8.40099999999973	191.107000000000
8.40599999999984	191.107000000000
8.41099999999995	190.704500000000
8.41600000000006	190.302000000000
8.42099999999971	189.255500000000
8.42599999999982	188.048000000000
8.43099999999993	188.853000000000
8.43600000000004	188.692000000000
8.4409999999997	187.645500000000
8.4459999999998	186.599000000000
8.45099999999991	185.472000000000
8.45600000000002	185.150000000000
8.46099999999968	184.506000000000
8.46599999999979	185.311000000000
8.4709999999999	183.298500000000
8.476	183.298500000000
8.48099999999966	183.218000000000
8.48599999999977	181.608000000000
8.49099999999988	181.688500000000
8.49599999999999	179.837000000000
8.50099999999964	181.286000000000
8.50599999999975	180.239500000000
8.51099999999986	177.341500000000
8.51599999999997	177.261000000000
8.52100000000008	179.032000000000
8.52599999999973	176.134000000000
8.53099999999984	175.892500000000
8.53599999999995	175.248500000000
8.54100000000006	175.329000000000
8.54599999999971	174.926500000000
8.55099999999982	175.973000000000
8.55599999999993	173.799500000000
8.56100000000004	174.282500000000
8.5659999999997	172.672500000000
8.5709999999998	172.189500000000
8.57599999999991	171.465000000000
8.58100000000002	171.062500000000
8.58599999999968	169.372000000000
8.59099999999979	170.257500000000
8.5959999999999	168.567000000000
8.601	168.567000000000
8.60599999999966	167.923000000000
8.61099999999977	169.050000000000
8.61599999999988	168.245000000000
8.62099999999999	166.152000000000
8.62599999999964	167.359500000000
8.63099999999975	165.508000000000
8.63599999999986	165.749500000000
8.64099999999997	164.944500000000
8.64600000000008	163.254000000000
8.65099999999973	163.978500000000
8.65599999999984	162.368500000000
8.66099999999995	162.610000000000
8.66600000000006	161.724500000000
8.67099999999971	161.080500000000
8.67599999999982	160.839000000000
8.68099999999993	159.792500000000
8.68600000000004	159.873000000000
8.6909999999997	159.390000000000
8.6959999999998	157.860500000000
8.70099999999991	158.182500000000
8.70600000000002	158.021500000000
8.71099999999968	156.814000000000
8.71599999999979	157.136000000000
8.7209999999999	157.377500000000
8.726	154.560000000000
8.73099999999966	153.674500000000
8.73599999999977	153.755000000000
8.74099999999988	153.594000000000
8.74599999999999	153.111000000000
8.75099999999964	152.708500000000
8.75599999999975	152.950000000000
8.76099999999986	152.789000000000
8.76599999999997	151.903500000000
8.77100000000008	150.696000000000
8.77599999999973	150.535000000000
8.78099999999984	150.374000000000
8.78599999999995	150.776500000000
8.79100000000006	149.327500000000
8.79599999999971	148.683500000000
8.80099999999982	148.039500000000
8.80599999999993	146.590500000000
8.81100000000004	146.349000000000
8.8159999999997	145.302500000000
8.8209999999998	146.107500000000
8.82599999999991	146.107500000000
8.83100000000002	144.578000000000
8.83599999999968	144.578000000000
8.84099999999979	143.048500000000
8.8459999999999	143.692500000000
8.851	143.048500000000
8.85599999999966	142.002000000000
8.86099999999977	142.404500000000
8.86599999999988	141.036000000000
8.87099999999999	141.036000000000
8.87599999999964	141.197000000000
8.88099999999975	139.506500000000
8.88599999999986	139.184500000000
8.89099999999997	138.218500000000
8.89600000000008	138.057500000000
8.90099999999973	139.104000000000
8.90599999999984	137.413500000000
8.91099999999995	135.481500000000
8.91600000000006	135.562000000000
8.92099999999971	136.528000000000
8.92599999999982	135.803500000000
8.93099999999993	135.884000000000
8.93600000000004	134.274000000000
8.9409999999997	134.435000000000
8.976	132.181000000000
8.98099999999966	130.168500000000
8.98599999999977	129.283000000000
8.99099999999988	129.927000000000
8.99599999999999	130.088000000000
9.00099999999964	127.592500000000
9.00599999999975	127.592500000000
9.01099999999986	127.753500000000
9.01599999999997	127.673000000000
9.02100000000008	126.868000000000
9.02599999999973	124.936000000000
9.03099999999984	125.821500000000
9.03599999999995	125.097000000000
9.04100000000006	123.889500000000
9.04599999999971	124.694500000000
9.05099999999982	123.165000000000
9.05599999999993	122.762500000000
9.06100000000004	122.038000000000
9.0659999999997	121.635500000000
9.0709999999998	121.474500000000
9.07599999999991	121.394000000000
9.08100000000002	121.152500000000
9.08599999999968	120.589000000000
9.09099999999979	119.945000000000
9.0959999999999	118.737500000000
9.101	119.462000000000
9.10599999999966	117.610500000000
9.11099999999977	117.852000000000
9.11599999999988	118.335000000000
9.12099999999999	117.047000000000
9.12599999999964	117.530000000000
9.13099999999975	117.208000000000
9.13599999999986	114.873500000000
9.14099999999997	117.047000000000
9.14600000000008	115.759000000000
9.15099999999973	115.759000000000
9.15599999999984	113.746500000000
9.16099999999995	113.022000000000
9.16600000000006	114.149000000000
9.17099999999971	112.700000000000
9.17599999999982	112.297500000000
9.18099999999993	112.056000000000
9.18600000000004	112.056000000000
9.1909999999997	111.170500000000
9.1959999999998	111.412000000000
9.20099999999991	110.204500000000
9.20600000000002	111.090000000000
9.21099999999968	109.077500000000
9.21599999999979	108.836000000000
9.2209999999999	107.548000000000
9.226	109.319000000000
9.23099999999966	108.272500000000
9.23599999999977	108.031000000000
9.24099999999988	107.467500000000
9.24599999999999	106.582000000000
9.25099999999964	105.696500000000
9.25599999999975	106.018500000000
9.26099999999986	105.857500000000
9.26599999999997	104.650000000000
9.27100000000008	104.569500000000
9.27599999999973	103.281500000000
9.28099999999984	103.040000000000
9.28599999999995	102.959500000000
9.29100000000006	103.040000000000
9.29599999999971	102.959500000000
9.30099999999982	101.349500000000
9.30599999999993	102.476500000000
9.31100000000004	101.108000000000
9.3159999999997	100.544500000000
9.3209999999998	100.625000000000
9.32599999999991	99.5785000000000
9.33100000000002	99.0150000000000
9.33599999999968	98.4515000000000
9.34099999999979	98.2100000000000
9.3459999999999	98.6930000000000
9.351	97.6465000000000
9.35599999999966	97.8880000000000
9.36099999999977	97.4050000000000
9.36599999999988	96.1975000000000
9.37099999999999	96.7610000000000
9.37599999999964	95.7950000000000
9.38099999999975	95.5535000000000
9.38599999999986	94.9900000000000
9.39099999999997	94.9900000000000
9.39600000000008	94.6680000000000
9.40099999999973	94.1045000000000
9.40599999999984	93.6215000000000
9.41099999999995	93.0580000000000
9.41600000000006	93.1385000000000
9.42099999999971	93.6215000000000
9.42599999999982	92.0920000000000
9.43099999999993	91.7700000000000
9.43600000000004	91.6090000000000
9.4409999999997	93.2190000000000
9.4459999999998	90.4820000000000
9.45099999999991	90.8845000000000
9.45600000000002	89.0330000000000
9.46099999999968	89.4355000000000
9.46599999999979	89.3550000000000
9.4709999999999	88.3890000000000
9.476	87.8255000000000
9.48099999999966	88.8720000000000
9.48599999999977	88.3085000000000
9.49099999999988	87.0205000000000
9.49599999999999	87.1815000000000
9.50099999999964	86.3765000000000
9.50599999999975	85.6520000000000
9.51099999999986	85.3300000000000
9.51599999999997	84.9275000000000
9.52100000000008	83.8810000000000
9.52599999999973	83.9615000000000
9.53099999999984	84.4445000000000
9.53599999999995	84.2030000000000
9.54100000000006	82.1100000000000
9.54599999999971	83.1565000000000
9.55099999999982	83.6395000000000
9.55599999999993	81.8685000000000
9.56100000000004	82.5125000000000
9.5659999999997	81.3050000000000
9.5709999999998	80.9830000000000
9.57599999999991	80.9830000000000
9.58100000000002	80.9025000000000
9.58599999999968	79.8560000000000
9.59099999999979	80.9830000000000
9.5959999999999	78.6485000000000
9.601	78.8095000000000
9.60599999999966	78.5680000000000
9.61099999999977	78.5680000000000
9.64600000000008	77.3605000000000
9.65099999999973	76.8775000000000
9.65599999999984	74.4625000000000
9.66099999999995	75.5895000000000
9.66600000000006	74.2210000000000
9.67099999999971	73.8185000000000
9.67599999999982	74.7845000000000
9.68099999999993	73.2550000000000
9.68600000000004	73.2550000000000
9.6909999999997	73.4160000000000
9.6959999999998	72.6915000000000
9.70099999999991	71.4840000000000
9.70600000000002	71.6450000000000
9.71099999999968	71.4840000000000
9.71599999999979	70.6790000000000
9.7209999999999	71.0010000000000
9.726	71.0815000000000
9.73099999999966	71.5645000000000
9.73599999999977	69.6325000000000
9.74099999999988	69.7935000000000
9.74599999999999	68.4250000000000
9.75099999999964	69.3105000000000
9.75599999999975	67.3785000000000
9.76099999999986	67.9420000000000
9.76599999999997	68.3445000000000
9.77100000000008	68.1835000000000
9.77599999999973	68.1030000000000
9.78099999999984	66.6540000000000
9.78599999999995	66.2515000000000
9.79100000000006	67.4590000000000
9.79599999999971	65.4465000000000
9.80099999999982	65.2855000000000
9.80599999999993	64.8830000000000
9.81100000000004	65.5270000000000
9.8159999999997	65.7685000000000
9.8209999999998	64.4000000000000
9.82599999999991	63.5950000000000
9.83100000000002	64.2390000000000
9.83599999999968	64.0780000000000
9.84099999999979	63.4340000000000
9.8459999999999	62.7095000000000
9.851	63.6755000000000
9.85599999999966	63.0315000000000
9.86099999999977	61.4215000000000
9.86599999999988	60.6970000000000
9.87099999999999	61.4215000000000
9.87599999999964	60.5360000000000
9.88099999999975	60.3750000000000
9.88599999999986	60.7775000000000
9.89099999999997	60.2945000000000
9.89600000000008	61.8240000000000
9.90099999999973	58.1210000000000
9.90599999999984	59.1675000000000
9.91099999999995	59.4895000000000
9.91600000000006	59.0065000000000
9.92099999999971	58.6845000000000
9.92599999999982	57.5575000000000
9.93099999999993	58.3625000000000
9.93600000000004	58.4430000000000
9.9409999999997	57.6380000000000
9.9459999999998	57.6380000000000
9.95099999999991	56.5915000000000
9.95600000000002	55.3035000000000
9.96099999999968	57.1550000000000
9.96599999999979	54.8205000000000
9.9709999999999	55.4645000000000
9.976	56.5915000000000
9.98099999999966	54.7400000000000
9.98599999999977	54.6595000000000
9.99099999999988	54.4985000000000
9.99599999999999	55.3840000000000
10.0009999999996	54.8205000000000
10.0059999999997	53.2910000000000
10.0109999999999	53.2105000000000
10.016	53.5325000000000
10.0210000000001	52.9690000000000
10.0259999999997	52.5665000000000
10.0309999999998	52.5665000000000
10.0359999999999	52.7275000000000
10.0410000000001	51.5200000000000
10.0459999999997	52.8885000000000
10.0509999999998	51.6810000000000
10.0559999999999	50.8760000000000
10.061	51.3590000000000
10.0659999999997	51.1175000000000
10.0709999999998	50.3125000000000
10.0759999999999	49.9100000000000
10.081	49.9905000000000
10.0859999999997	50.6345000000000
10.0909999999998	49.8295000000000
10.0959999999999	49.1855000000000
10.101	49.1050000000000
10.1059999999997	49.3465000000000
10.1109999999998	48.5415000000000
10.1159999999999	48.4610000000000
10.121	48.3805000000000
10.1259999999996	47.8975000000000
10.1309999999997	47.5755000000000
10.1359999999999	47.5755000000000
10.141	45.9655000000000
10.1460000000001	47.1730000000000
10.1509999999997	47.9780000000000
10.1559999999998	47.3340000000000
10.1609999999999	46.2070000000000
10.1660000000001	45.5630000000000
10.1709999999997	45.9655000000000
10.1759999999998	46.8510000000000
10.1809999999999	45.6435000000000
10.186	44.8385000000000
10.1909999999997	44.8385000000000
10.1959999999998	44.0335000000000
10.2009999999999	44.7580000000000
10.206	43.6310000000000
10.2109999999997	44.7580000000000
10.2159999999998	43.7920000000000
10.2209999999999	43.0675000000000
10.226	43.3895000000000
10.2309999999997	43.0675000000000
10.2359999999998	43.3895000000000
10.2409999999999	42.6650000000000
10.246	41.6990000000000
10.2509999999996	42.7455000000000
10.2559999999997	42.4235000000000
10.2609999999999	42.3430000000000
10.266	41.7795000000000
10.2710000000001	42.4235000000000
10.2759999999997	41.2965000000000
10.2809999999998	41.5380000000000
10.3159999999997	41.0550000000000
10.3209999999998	38.8010000000000
10.3259999999999	40.2500000000000
10.331	39.8475000000000
10.3359999999997	40.1695000000000
10.3409999999998	39.5255000000000
10.3459999999999	38.9620000000000
10.351	38.7205000000000
10.3559999999997	38.3180000000000
10.3609999999998	38.3985000000000
10.3659999999999	37.8350000000000
10.371	37.6740000000000
10.3759999999996	36.1445000000000
10.3809999999997	37.3520000000000
10.3859999999999	38.2375000000000
10.391	38.0765000000000
10.3960000000001	37.0300000000000
10.4009999999997	36.7885000000000
10.4059999999998	37.7545000000000
10.4109999999999	36.7885000000000
10.4160000000001	36.3055000000000
10.4209999999997	36.7080000000000
10.4259999999998	37.9960000000000
10.4309999999999	35.4200000000000
10.436	34.6150000000000
10.4409999999997	35.9835000000000
10.4459999999998	35.0175000000000
10.4509999999999	36.0640000000000
10.456	36.0640000000000
10.4609999999997	33.8100000000000
10.4659999999998	34.0515000000000
10.4709999999999	34.7760000000000
10.476	34.6955000000000
10.4809999999997	34.2125000000000
10.4859999999998	33.5685000000000
10.4909999999999	34.0515000000000
10.496	33.8905000000000
10.5009999999996	34.2125000000000
10.5059999999997	32.3610000000000
10.5109999999999	33.4075000000000
10.516	32.8440000000000
10.5210000000001	34.4540000000000
10.5259999999997	33.0855000000000
10.5309999999998	33.0050000000000
10.5359999999999	32.1195000000000
10.5410000000001	32.6025000000000
10.5459999999997	32.8440000000000
10.5509999999998	32.2805000000000
10.5559999999999	31.8780000000000
10.561	31.9585000000000
10.5659999999997	31.3145000000000
10.5709999999998	31.5560000000000
10.5759999999999	30.4290000000000
10.581	30.2680000000000
10.5859999999997	31.7170000000000
10.5909999999998	31.7975000000000
10.5959999999999	31.4755000000000
10.601	30.5095000000000
10.6059999999997	30.3485000000000
10.6109999999998	30.7510000000000
10.6159999999999	30.9120000000000
10.621	30.1875000000000
10.6259999999996	29.7045000000000
10.6309999999997	29.4630000000000
10.6359999999999	29.3020000000000
10.641	29.4630000000000
10.6460000000001	28.4165000000000
10.6509999999997	28.6580000000000
10.6559999999998	29.7045000000000
10.6609999999999	28.4970000000000
10.6660000000001	29.0605000000000
10.6709999999997	28.6580000000000
10.6759999999998	28.7385000000000
10.6809999999999	28.2555000000000
10.686	28.5775000000000
10.6909999999997	28.1750000000000
10.6959999999998	26.5650000000000
10.7009999999999	27.6115000000000
10.706	27.6115000000000
10.7109999999997	28.3360000000000
10.7159999999998	27.1285000000000
10.7209999999999	27.2895000000000
10.726	27.8530000000000
10.7309999999997	26.6455000000000
10.7359999999998	27.2895000000000
10.7409999999999	26.0015000000000
10.746	27.1285000000000
10.7509999999996	26.7260000000000
10.7559999999997	24.9550000000000
10.7609999999999	26.0820000000000
10.766	26.7260000000000
10.7710000000001	26.1625000000000
10.7759999999997	26.0820000000000
10.7809999999998	25.9210000000000
10.7859999999999	26.0820000000000
10.7910000000001	24.7940000000000
10.7959999999997	25.5990000000000
10.8009999999998	24.9550000000000
10.8059999999999	25.3575000000000
10.811	24.7940000000000
10.8159999999997	26.0015000000000
10.8209999999998	25.0355000000000
10.8259999999999	24.7940000000000
10.831	24.7135000000000
10.8359999999997	24.3110000000000
10.8409999999998	23.9085000000000
10.8459999999999	24.9550000000000
10.851	24.4720000000000
10.8559999999997	23.3450000000000
10.8609999999998	24.7940000000000
10.8659999999999	23.9085000000000
10.871	24.3110000000000
10.8759999999996	23.4255000000000
10.8809999999997	24.0695000000000
10.8859999999999	24.3915000000000
10.891	23.4255000000000
10.8960000000001	23.4255000000000
10.9009999999997	21.9765000000000
10.9059999999998	22.8620000000000
10.9109999999999	22.3790000000000
10.9160000000001	23.1035000000000
10.9209999999997	23.9085000000000
10.9259999999998	21.8960000000000
10.9309999999999	22.2985000000000
10.936	22.6205000000000
10.9409999999997	22.7010000000000
10.9459999999998	21.3325000000000
10.9509999999999	23.3450000000000
10.9859999999998	22.3790000000000
10.9909999999999	21.1715000000000
10.996	19.8835000000000
11.0009999999996	20.5275000000000
11.0059999999997	19.4005000000000
11.0109999999999	22.4595000000000
11.016	21.0105000000000
11.0210000000001	20.3665000000000
11.0259999999997	20.1250000000000
11.0309999999998	19.7225000000000
11.0359999999999	20.0445000000000
11.0410000000001	20.2860000000000
11.0459999999997	20.0445000000000
11.0509999999998	20.9300000000000
11.0559999999999	19.7225000000000
11.061	19.3200000000000
11.0659999999997	20.6885000000000
11.0709999999998	19.2395000000000
11.0759999999999	19.2395000000000
11.081	18.9980000000000
11.0859999999997	18.5955000000000
11.0909999999998	18.2735000000000
11.0959999999999	19.9640000000000
11.101	19.3200000000000
11.1059999999997	18.9980000000000
11.1109999999998	18.9175000000000
11.1159999999999	19.3200000000000
11.121	19.7225000000000
11.1259999999996	17.7905000000000
11.1309999999997	18.1930000000000
11.1359999999999	18.3540000000000
11.141	18.1125000000000
11.1460000000001	18.5150000000000
11.1509999999997	18.1125000000000
11.1559999999998	18.1930000000000
11.1609999999999	16.9855000000000
11.1660000000001	17.6295000000000
11.1709999999997	17.0660000000000
11.1759999999998	17.3880000000000
11.1809999999999	17.8710000000000
11.186	17.3880000000000
11.1909999999997	16.7440000000000
11.1959999999998	17.0660000000000
11.2009999999999	16.9050000000000
11.206	16.2610000000000
11.2109999999997	16.7440000000000
11.2159999999998	16.9855000000000
11.2209999999999	16.5025000000000
11.226	16.1000000000000
11.2309999999997	16.3415000000000
11.2359999999998	16.9855000000000
11.2409999999999	16.2610000000000
11.246	15.6170000000000
11.2509999999996	16.2610000000000
11.2559999999997	16.6635000000000
11.2609999999999	16.0195000000000
11.266	16.1805000000000
11.2710000000001	15.3755000000000
11.2759999999997	16.4220000000000
11.2809999999998	15.0535000000000
11.2859999999999	15.8585000000000
11.2910000000001	16.5025000000000
11.2959999999997	16.5830000000000
11.3009999999998	14.7315000000000
11.3059999999999	14.8925000000000
11.311	14.4095000000000
11.3159999999997	14.4095000000000
11.3209999999998	15.6975000000000
11.3259999999999	15.3755000000000
11.331	15.8585000000000
11.3359999999997	15.3755000000000
11.3409999999998	14.3290000000000
11.3459999999999	15.5365000000000
11.351	13.8460000000000
11.3559999999997	14.3290000000000
11.3609999999998	15.5365000000000
11.3659999999999	15.3755000000000
11.371	14.0070000000000
11.3759999999996	14.8925000000000
11.3809999999997	14.0875000000000
11.3859999999999	13.5240000000000
11.391	15.1340000000000
11.3960000000001	13.7655000000000
11.4009999999997	13.6850000000000
11.4059999999998	13.6045000000000
11.4109999999999	13.7655000000000
11.4160000000001	12.8800000000000
11.4209999999997	14.0070000000000
11.4259999999998	12.7190000000000
11.4309999999999	14.4095000000000
11.436	14.0070000000000
11.4409999999997	14.2485000000000
11.4459999999998	13.8460000000000
11.4509999999999	11.7530000000000
11.456	13.6850000000000
11.4609999999997	12.5580000000000
11.4659999999998	12.9605000000000
11.4709999999999	12.9605000000000
11.476	12.7995000000000
11.4809999999997	12.9605000000000
11.4859999999998	14.1680000000000
11.4909999999999	11.9945000000000
11.496	12.3165000000000
11.5009999999996	12.8800000000000
11.5059999999997	11.7530000000000
11.5109999999999	13.1215000000000
11.516	12.1555000000000
11.5210000000001	11.9945000000000
11.5259999999997	13.0410000000000
11.5309999999998	11.8335000000000
11.5359999999999	12.7995000000000
11.5410000000001	12.3970000000000
11.5459999999997	12.5580000000000
11.5509999999998	12.0750000000000
11.5559999999999	11.4310000000000
11.561	11.5920000000000
11.5659999999997	11.9945000000000
11.5709999999998	11.4310000000000
11.5759999999999	11.7530000000000
11.581	11.4310000000000
11.5859999999997	11.7530000000000
11.5909999999998	12.2360000000000
11.5959999999999	12.0750000000000
11.601	11.0285000000000
11.6059999999997	11.7530000000000
11.6109999999998	11.0285000000000
11.6159999999999	12.5580000000000
11.621	11.3505000000000
11.6559999999998	10.6260000000000
11.6609999999999	12.7995000000000
11.6660000000001	9.90150000000000
11.6709999999997	9.74050000000000
11.6759999999998	10.7870000000000
11.6809999999999	11.1895000000000
11.686	10.8675000000000
11.6909999999997	8.93550000000000
11.6959999999998	10.9480000000000
11.7009999999999	10.5455000000000
11.706	9.17700000000000
11.7109999999997	9.57950000000000
11.7159999999998	10.5455000000000
11.7209999999999	11.5115000000000
11.726	9.49900000000000
11.7309999999997	9.74050000000000
11.7359999999998	10.3040000000000
11.7409999999999	9.90150000000000
11.746	10.0625000000000
11.7509999999996	10.1430000000000
11.7559999999997	8.21100000000000
11.7609999999999	10.0625000000000
11.766	8.77450000000000
11.7710000000001	9.57950000000000
11.7759999999997	10.2235000000000
11.7809999999998	8.77450000000000
11.7859999999999	8.37200000000000
11.7910000000001	10.6260000000000
11.7959999999997	9.98200000000000
11.8009999999998	9.98200000000000
11.8059999999999	9.49900000000000
11.811	9.90150000000000
11.8159999999997	9.82100000000000
11.8209999999998	8.85500000000000
11.8259999999999	10.7065000000000
11.831	9.09650000000000
11.8359999999997	8.61350000000000
11.8409999999998	9.33800000000000
11.8459999999999	9.41850000000000
11.851	8.13050000000000
11.8559999999997	9.09650000000000
11.8609999999998	9.01600000000000
11.8659999999999	6.84250000000000
11.871	9.25750000000000
11.8759999999996	9.09650000000000
11.8809999999997	8.13050000000000
11.8859999999999	8.37200000000000
11.891	9.49900000000000
11.8960000000001	8.53300000000000
11.9009999999997	8.85500000000000
11.9059999999998	8.13050000000000
11.9109999999999	8.21100000000000
11.9160000000001	8.37200000000000
11.9209999999997	8.53300000000000
11.9259999999998	7.08400000000000
11.9309999999999	8.69400000000000
11.936	7.48650000000000
11.9409999999997	7.96950000000000
11.9459999999998	6.92300000000000
11.9509999999999	8.69400000000000
11.956	7.80850000000000
11.9609999999997	6.68150000000000
11.9659999999998	7.72800000000000
11.9709999999999	7.32550000000000
11.976	6.52050000000000
11.9809999999997	7.32550000000000
11.9859999999998	7.48650000000000
11.9909999999999	8.13050000000000
11.996	7.72800000000000
12.0009999999996	8.45250000000000
12.0059999999997	8.05000000000000
12.0109999999999	6.44000000000000
12.016	7.32550000000000
12.0210000000001	7.72800000000000
12.0259999999997	7.08400000000000
12.0309999999998	7.80850000000000
12.0359999999999	7.24500000000000
12.0410000000001	6.11800000000000
12.0459999999997	6.68150000000000
12.0509999999998	6.44000000000000
12.0559999999999	6.68150000000000
12.061	7.08400000000000
12.0659999999997	6.84250000000000
12.0709999999998	6.92300000000000
12.0759999999999	7.56700000000000
12.081	7.16450000000000
12.0859999999997	7.40600000000000
12.0909999999998	6.03750000000000
12.0959999999999	5.95700000000000
12.101	6.03750000000000
12.1059999999997	7.72800000000000
12.1109999999998	6.44000000000000
12.1159999999999	8.21100000000000
12.121	7.16450000000000
12.1259999999996	6.52050000000000
12.1309999999997	5.95700000000000
12.1359999999999	6.92300000000000
12.141	6.27900000000000
12.1460000000001	6.84250000000000
12.1509999999997	6.84250000000000
12.1559999999998	6.27900000000000
12.1609999999999	6.76200000000000
12.1660000000001	6.76200000000000
12.1709999999997	6.68150000000000
12.1759999999998	5.39350000000000
12.1809999999999	6.03750000000000
12.186	5.87650000000000
12.1909999999997	5.87650000000000
12.1959999999998	7.24500000000000
12.2009999999999	6.68150000000000
12.206	6.52050000000000
12.2109999999997	6.68150000000000
12.2159999999998	6.27900000000000
12.2209999999999	5.79600000000000
12.226	6.27900000000000
12.2309999999997	5.23250000000000
12.2359999999998	5.87650000000000
12.2409999999999	6.27900000000000
12.246	5.07150000000000
12.2509999999996	5.07150000000000
12.2559999999997	5.55450000000000
12.2609999999999	5.63500000000000
12.266	5.23250000000000
12.2710000000001	4.99100000000000
12.2759999999997	4.02500000000000
12.2809999999998	3.62250000000000
12.2859999999999	3.86400000000000
12.2910000000001	4.34700000000000
12.3259999999999	6.76200000000000
12.331	5.55450000000000
12.3359999999997	4.83000000000000
12.3409999999998	5.55450000000000
12.3459999999999	4.74950000000000
12.351	4.91050000000000
12.3559999999997	5.23250000000000
12.3609999999998	4.34700000000000
12.3659999999999	4.42750000000000
12.371	4.34700000000000
12.3759999999996	4.74950000000000
12.3809999999997	4.66900000000000
12.3859999999999	4.34700000000000
12.391	4.83000000000000
12.3960000000001	5.15200000000000
12.4009999999997	4.74950000000000
12.4059999999998	4.91050000000000
12.4109999999999	3.30050000000000
12.4160000000001	4.83000000000000
12.4209999999997	3.62250000000000
12.4259999999998	3.30050000000000
12.4309999999999	4.66900000000000
12.436	4.66900000000000
12.4409999999997	3.70300000000000
12.4459999999998	4.83000000000000
12.4509999999999	4.02500000000000
12.456	4.58850000000000
12.4609999999997	3.78350000000000
12.4659999999998	3.70300000000000
12.4709999999999	4.10550000000000
12.476	4.99100000000000
12.4809999999997	4.42750000000000
12.4859999999998	4.42750000000000
12.4909999999999	3.94450000000000
12.496	3.62250000000000
12.5009999999996	3.46150000000000
12.5059999999997	5.63500000000000
12.5109999999999	5.39350000000000
12.516	4.10550000000000
12.5210000000001	4.26650000000000
12.5259999999997	3.78350000000000
12.5309999999998	4.34700000000000
12.5359999999999	3.38100000000000
12.5410000000001	3.86400000000000
12.5459999999997	4.42750000000000
12.5509999999998	2.89800000000000
12.5559999999999	4.66900000000000
12.561	4.02500000000000
12.5659999999997	3.13950000000000
12.5709999999998	3.86400000000000
12.5759999999999	3.86400000000000
12.581	3.86400000000000
12.5859999999997	4.26650000000000
12.5909999999998	4.34700000000000
12.5959999999999	3.94450000000000
12.601	3.38100000000000
12.6059999999997	3.46150000000000
12.6109999999998	3.54200000000000
12.6159999999999	2.97850000000000
12.621	2.41500000000000
12.6259999999996	4.02500000000000
12.6309999999997	2.73700000000000
12.6359999999999	3.38100000000000
12.641	3.78350000000000
12.6460000000001	2.73700000000000
12.6509999999997	3.78350000000000
12.6559999999998	3.30050000000000
12.6609999999999	4.34700000000000
12.6660000000001	2.57600000000000
12.6709999999997	2.49550000000000
12.677	2.17350000000000
12.6819999999997	2.57600000000000
12.686	2.57600000000000
12.6919999999999	2.97850000000000
12.697	2.81750000000000
12.7019999999997	3.70300000000000
12.7069999999998	1.52950000000000
12.7119999999999	2.65650000000000
12.717	3.86400000000000
12.7219999999996	3.62250000000000
12.7269999999998	2.17350000000000
12.7319999999999	3.46150000000000
12.7359999999998	2.33450000000000
12.7420000000001	4.02500000000000
12.7469999999997	2.73700000000000
12.7519999999998	2.89800000000000
12.757	1.85150000000000
12.7620000000001	2.33450000000000
12.766	2.17350000000000
12.7719999999998	2.25400000000000
12.7769999999999	1.77100000000000
12.782	1.69050000000000
12.7869999999997	1.28800000000000
12.7919999999998	2.89800000000000
12.7969999999999	2.89800000000000
12.802	2.73700000000000
12.8069999999997	2.17350000000000
12.811	1.52950000000000
12.8169999999999	2.89800000000000
12.822	1.61000000000000
12.8269999999997	3.30050000000000
12.8319999999998	1.85150000000000
12.8369999999999	2.41500000000000
12.842	2.17350000000000
12.8469999999996	3.38100000000000
12.8519999999998	2.41500000000000
12.8569999999999	2.97850000000000
12.862	2.09300000000000
12.8670000000001	2.73700000000000
12.8719999999997	2.81750000000000
12.8769999999998	1.85150000000000
12.882	2.17350000000000
12.8870000000001	2.97850000000000
12.8919999999997	2.33450000000000
12.8969999999998	2.25400000000000
12.9019999999999	1.77100000000000
12.907	1.85150000000000
12.9119999999997	1.44900000000000
12.9169999999998	1.69050000000000
12.9219999999999	2.33450000000000
12.927	0.885500000000000
12.9319999999997	2.89800000000000
12.9369999999998	2.57600000000000
12.9419999999999	2.09300000000000
12.947	1.04650000000000
12.9519999999997	0.966000000000000
12.9569999999998	2.25400000000000
12.9619999999999	0.563500000000000
12.9969999999997	3.22000000000000
13.0019999999998	1.61000000000000
13.007	3.13950000000000
13.0120000000001	1.52950000000000
13.0169999999997	1.04650000000000
13.0219999999998	1.36850000000000
13.0269999999999	2.33450000000000
13.032	2.25400000000000
13.0369999999997	0.0